-3 1.5308084989341916e-16
-2.98 0.026179460290614673
-2.96 0.05235604970839207
-2.94 0.078526897695321
-2.92 0.10468913432299937
-2.9 0.13083989060735993
-2.88 0.15697629882328326
-2.86 0.18309549281907964
-2.84 0.20919460833078915
-2.82 0.23527078329628626
-2.8 0.26132115816913365
-2.78 0.2873428762321671
-2.76 0.3133330839107612
-2.7399999999999998 0.3392889310857616
-2.7199999999999998 0.3652075714060291
-2.6999999999999997 0.3910861626005773
-2.6799999999999997 0.4169218667902564
-2.6599999999999997 0.44271185079895903
-2.6399999999999997 0.46845328646431184
-2.6199999999999997 0.4941433509478157
-2.5999999999999996 0.5197792270443992
-2.5799999999999996 0.5453581034913573
-2.5599999999999996 0.5708771752766397
-2.5399999999999996 0.5963336439464532
-2.5199999999999996 0.6217247179121375
-2.4999999999999996 0.647047612756303
-2.4799999999999995 0.6722995515381648
-2.4599999999999995 0.6974777650980737
-2.4399999999999995 0.7225794923611796
-2.4199999999999995 0.7476019806402173
-2.3999999999999995 0.7725424859373692
-2.3799999999999994 0.7973982732451755
-2.3599999999999994 0.8221666168464588
-2.3399999999999994 0.8468448006132292
-2.3199999999999994 0.8714301183045388
-2.2999999999999994 0.8959198738632514
-2.2799999999999994 0.9203113817116958
-2.2599999999999993 0.9446019670461686
-2.2399999999999993 0.9687889661302583
-2.2199999999999993 0.9928697265869524
-2.1999999999999993 1.0168416076895015
-2.1799999999999993 1.0407019806510038
-2.1599999999999993 1.0644482289126826
-2.1399999999999992 1.0880777484308197
-2.119999999999999 1.1115879479623199
-2.099999999999999 1.1349762493488682
-2.079999999999999 1.1582400877996555
-2.059999999999999 1.181376912172636
-2.039999999999999 1.2043841852542894
-2.019999999999999 1.2272593840378534
-1.9999999999999991 1.250000000000001
-1.979999999999999 1.2726035393759294
-1.959999999999999 1.2950675234328268
-1.939999999999999 1.317389488741695
-1.919999999999999 1.3395669874474927
-1.899999999999999 1.3615975875375688
-1.879999999999999 1.3834788731083614
-1.859999999999999 1.4052084446303277
-1.839999999999999 1.4267839192110805
-1.819999999999999 1.4482029308566982
-1.799999999999999 1.4694631307311838
-1.779999999999999 1.4905621874140407
-1.759999999999999 1.5114977871559385
-1.7399999999999989 1.5322676341324426
-1.7199999999999989 1.5528694506957772
-1.6999999999999988 1.5733009776245948
-1.6799999999999988 1.5935599743717255
-1.6599999999999988 1.6136442193098777
-1.6399999999999988 1.6335515099752649
-1.6199999999999988 1.653279663309131
-1.5999999999999988 1.6728265158971467
-1.5799999999999987 1.6921899242066532
-1.5599999999999987 1.711367764821723
-1.5399999999999987 1.7303579346760185
-1.5199999999999987 1.7491583512834148
-1.4999999999999987 1.7677669529663702
-1.4799999999999986 1.7861816990820096
-1.4599999999999986 1.8044005702459072
-1.4399999999999986 1.8224215685535299
-1.4199999999999986 1.8402427177993372
-1.3999999999999986 1.857862063693487
-1.3799999999999986 1.87527767407615
-1.3599999999999985 1.8924876391293923
-1.3399999999999985 1.9094900715866063
-1.3199999999999985 1.9262831069394746
-1.2999999999999985 1.9428649036424284
-1.2799999999999985 1.9592336433146007
-1.2599999999999985 1.9753875309392273
-1.2399999999999984 1.9913247950604918
-1.2199999999999984 2.0070436879777875
-1.1999999999999984 2.02254248593737
-1.1799999999999984 2.037819489321387
-1.1599999999999984 2.052873022834261
-1.1399999999999983 2.0677014356864056
-1.1199999999999983 2.08230310177525
-1.0999999999999983 2.0966764198635612
-1.0799999999999983 2.1108198137550387
-1.0599999999999983 2.1247317324671613
-1.0399999999999983 2.138410650401268
-1.0199999999999982 2.15185506750986
-0.9999999999999982 2.1650635094610977
-0.9799999999999982 2.1780345278004747
-0.9599999999999982 2.19076670010966
-0.9399999999999982 2.2032586301624817
-0.9199999999999982 2.215508948078038
-0.8999999999999981 2.227516310470921
-0.8799999999999981 2.2392794005985333
-0.8599999999999981 2.2507969285054847
-0.8399999999999981 2.2620676311650496
-0.8199999999999981 2.2730902726176723
-0.799999999999998 2.2838636441065034
-0.779999999999998 2.294386564209954
-0.759999999999998 2.3046578789712524
-0.739999999999998 2.314676462024988
-0.719999999999998 2.3244412147206295
-0.699999999999998 2.333951066243005
-0.6799999999999979 2.34320497372973
-0.6599999999999979 2.3522019223855644
-0.6399999999999979 2.3609409255937037
-0.6199999999999979 2.369421025023965
-0.5999999999999979 2.3776412907378845
-0.5799999999999979 2.385600821290693
-0.5599999999999978 2.3932987438301687
-0.5399999999999978 2.4007342141923584
-0.5199999999999978 2.407906416994146
-0.4999999999999978 2.414814565722671
-0.47999999999999776 2.4214579028215786
-0.45999999999999774 2.4278356997740906
-0.4399999999999977 2.4339472571829015
-0.4199999999999977 2.439791904846869
-0.3999999999999977 2.4453690018345147
-0.3799999999999977 2.450677936554305
-0.35999999999999766 2.4557181268217225
-0.33999999999999764 2.4604890199231053
-0.3199999999999976 2.464990092676263
-0.2999999999999976 2.4692208514878446
-0.2799999999999976 2.4731808324074716
-0.25999999999999757 2.4768696011786098
-0.23999999999999758 2.4802867532861947
-0.2199999999999976 2.4834319140009913
-0.1999999999999976 2.486304738420684
-0.1799999999999976 2.4889049115077
-0.15999999999999762 2.4912321481237614
-0.13999999999999763 2.4932861930611456
-0.11999999999999762 2.495066821070679
-0.09999999999999762 2.496573836886435
-0.07999999999999761 2.497807075247146
-0.05999999999999761 2.498766400914329
-0.03999999999999761 2.499451708687114
-0.019999999999997606 2.4998629234137804
2.3939183968479938e-15 2.5
0.020000000000002394 2.4998629234137804
0.040000000000002395 2.499451708687114
0.0600000000000024 2.4987664009143287
0.0800000000000024 2.4978070752471457
0.1000000000000024 2.4965738368864345
0.12000000000000241 2.4950668210706786
0.1400000000000024 2.493286193061145
0.1600000000000024 2.4912321481237605
0.18000000000000238 2.4889049115076998
0.20000000000000237 2.486304738420683
0.22000000000000236 2.483431914000991
0.24000000000000235 2.4802867532861943
0.26000000000000234 2.476869601178609
0.28000000000000236 2.47318083240747
0.3000000000000024 2.4692208514878438
0.3200000000000024 2.464990092676262
0.3400000000000024 2.460489019923104
0.36000000000000243 2.455718126821721
0.38000000000000245 2.4506779365543037
0.40000000000000246 2.4453690018345133
0.4200000000000025 2.4397919048468677
0.4400000000000025 2.4339472571828997
0.4600000000000025 2.4278356997740893
0.48000000000000254 2.421457902821577
0.5000000000000026 2.41481456572267
0.5200000000000026 2.4079064169941446
0.5400000000000026 2.4007342141923567
0.5600000000000026 2.3932987438301674
0.5800000000000026 2.385600821290691
0.6000000000000026 2.377641290737883
0.6200000000000027 2.369421025023963
0.6400000000000027 2.3609409255937015
0.6600000000000027 2.3522019223855626
0.6800000000000027 2.3432049737297276
0.7000000000000027 2.3339510662430034
0.7200000000000027 2.3244412147206273
0.7400000000000028 2.3146764620249853
0.7600000000000028 2.3046578789712497
0.7800000000000028 2.2943865642099515
0.8000000000000028 2.283863644106501
0.8200000000000028 2.27309027261767
0.8400000000000029 2.2620676311650474
0.8600000000000029 2.250796928505482
0.8800000000000029 2.2392794005985306
0.9000000000000029 2.227516310470918
0.9200000000000029 2.215508948078035
0.9400000000000029 2.2032586301624786
0.960000000000003 2.1907667001096574
0.980000000000003 2.1780345278004716
1.0000000000000029 2.1650635094610946
1.020000000000003 2.151855067509857
1.040000000000003 2.1384106504012648
1.060000000000003 2.1247317324671577
1.080000000000003 2.1108198137550356
1.100000000000003 2.0966764198635577
1.120000000000003 2.0823031017752465
1.140000000000003 2.0677014356864025
1.160000000000003 2.052873022834258
1.180000000000003 2.0378194893213832
1.200000000000003 2.022542485937366
1.220000000000003 2.007043687977784
1.240000000000003 1.9913247950604882
1.2600000000000031 1.9753875309392235
1.2800000000000031 1.959233643314597
1.3000000000000032 1.9428649036424248
1.3200000000000032 1.9262831069394704
1.3400000000000032 1.9094900715866028
1.3600000000000032 1.892487639129388
1.3800000000000032 1.875277674076146
1.4000000000000032 1.857862063693483
1.4200000000000033 1.840242717799333
1.4400000000000033 1.822421568553526
1.4600000000000033 1.8044005702459023
1.4800000000000033 1.7861816990820056
1.5000000000000033 1.7677669529663658
1.5200000000000033 1.7491583512834106
1.5400000000000034 1.7303579346760136
1.5600000000000034 1.7113677648217185
1.5800000000000034 1.6921899242066485
1.6000000000000034 1.6728265158971423
1.6200000000000034 1.6532796633091262
1.6400000000000035 1.6335515099752604
1.6600000000000035 1.613644219309873
1.6800000000000035 1.593559974371721
1.7000000000000035 1.57330097762459
1.7200000000000035 1.5528694506957725
1.7400000000000035 1.5322676341324377
1.7600000000000036 1.5114977871559334
1.7800000000000036 1.490562187414036
1.8000000000000036 1.469463130731179
1.8200000000000036 1.4482029308566933
1.8400000000000036 1.4267839192110754
1.8600000000000037 1.4052084446303226
1.8800000000000037 1.383478873108356
1.9000000000000037 1.3615975875375637
1.9200000000000037 1.3395669874474871
1.9400000000000037 1.3173894887416902
1.9600000000000037 1.2950675234328215
1.9800000000000038 1.272603539375924
2.0000000000000036 1.249999999999996
2.0200000000000036 1.2272593840378478
2.0400000000000036 1.2043841852542845
2.0600000000000036 1.1813769121726307
2.0800000000000036 1.1582400877996506
2.1000000000000036 1.1349762493488627
2.1200000000000037 1.1115879479623147
2.1400000000000037 1.0880777484308144
2.1600000000000037 1.0644482289126775
2.1800000000000037 1.0407019806509983
2.2000000000000037 1.0168416076894964
2.2200000000000037 0.9928697265869468
2.2400000000000038 0.9687889661302531
2.260000000000004 0.9446019670461631
2.280000000000004 0.9203113817116906
2.300000000000004 0.8959198738632458
2.320000000000004 0.8714301183045337
2.340000000000004 0.846844800613224
2.360000000000004 0.8221666168464535
2.380000000000004 0.7973982732451703
2.400000000000004 0.772542485937364
2.420000000000004 0.7476019806402119
2.440000000000004 0.7225794923611741
2.460000000000004 0.6974777650980684
2.480000000000004 0.6722995515381593
2.500000000000004 0.647047612756297
2.520000000000004 0.621724717912132
2.540000000000004 0.5963336439464472
2.560000000000004 0.5708771752766343
2.580000000000004 0.5453581034913513
2.600000000000004 0.5197792270443933
2.620000000000004 0.49414335094781076
2.640000000000004 0.4684532864643064
2.660000000000004 0.442711850798953
2.680000000000004 0.41692186679025034
2.700000000000004 0.3910861626005724
2.720000000000004 0.36520757140602367
2.740000000000004 0.33928893108575553
2.7600000000000042 0.31333308391075515
2.7800000000000042 0.2873428762321616
2.8000000000000043 0.26132115816912815
2.8200000000000043 0.2352707832962802
2.8400000000000043 0.20919460833078307
2.8600000000000043 0.18309549281907408
2.8800000000000043 0.15697629882327827
2.9000000000000044 0.13083989060735382
2.9200000000000044 0.10468913432299326
2.9400000000000044 0.07852689769531544
2.9600000000000044 0.05235604970838707
2.9800000000000044 0.026179460290608567
