-3 -3.061616997868383e-16
-2.98 -0.05235604970839278
-2.96 -0.10468913432299842
-2.94 -0.15697629882328396
-2.92 -0.20919460833078934
-2.9 -0.2613211581691343
-2.88 -0.3133330839107602
-2.86 -0.36520757140602983
-2.84 -0.41692186679025656
-2.82 -0.46845328646431256
-2.8 -0.5197792270443983
-2.78 -0.5708771752766404
-2.76 -0.6217247179121381
-2.7399999999999998 -0.6722995515381656
-2.7199999999999998 -0.7225794923611792
-2.6999999999999997 -0.7725424859373687
-2.6799999999999997 -0.8221666168464594
-2.6599999999999997 -0.8714301183045394
-2.6399999999999997 -0.9203113817116954
-2.6199999999999997 -0.9687889661302579
-2.5999999999999996 -1.0168416076895022
-2.5799999999999996 -1.0644482289126833
-2.5599999999999996 -1.1115879479623194
-2.5399999999999996 -1.1582400877996561
-2.5199999999999996 -1.204384185254289
-2.4999999999999996 -1.250000000000002
-2.4799999999999995 -1.2950675234328266
-2.4599999999999995 -1.3395669874474925
-2.4399999999999995 -1.3834788731083612
-2.4199999999999995 -1.4267839192110805
-2.3999999999999995 -1.4694631307311838
-2.3799999999999994 -1.511497787155938
-2.3599999999999994 -1.5528694506957772
-2.3399999999999994 -1.5935599743717255
-2.3199999999999994 -1.6335515099752649
-2.2999999999999994 -1.6728265158971467
-2.2799999999999994 -1.711367764821723
-2.2599999999999993 -1.7491583512834148
-2.2399999999999993 -1.7861816990820099
-2.2199999999999993 -1.8224215685535303
-2.1999999999999993 -1.857862063693487
-2.1799999999999993 -1.8924876391293923
-2.1599999999999993 -1.9262831069394746
-2.1399999999999992 -1.959233643314601
-2.119999999999999 -1.991324795060492
-2.099999999999999 -2.02254248593737
-2.079999999999999 -2.0528730228342615
-2.059999999999999 -2.08230310177525
-2.039999999999999 -2.110819813755039
-2.019999999999999 -2.138410650401268
-1.9999999999999991 -2.1650635094610977
-1.979999999999999 -2.1907667001096605
-1.959999999999999 -2.215508948078038
-1.939999999999999 -2.2392794005985333
-1.919999999999999 -2.26206763116505
-1.899999999999999 -2.2838636441065034
-1.879999999999999 -2.3046578789712524
-1.859999999999999 -2.3244412147206295
-1.839999999999999 -2.34320497372973
-1.819999999999999 -2.3609409255937037
-1.799999999999999 -2.377641290737885
-1.779999999999999 -2.3932987438301687
-1.759999999999999 -2.4079064169941464
-1.7399999999999989 -2.4214579028215786
-1.7199999999999989 -2.4339472571829015
-1.6999999999999988 -2.4453690018345147
-1.6799999999999988 -2.4557181268217225
-1.6599999999999988 -2.464990092676263
-1.6399999999999988 -2.473180832407471
-1.6199999999999988 -2.4802867532861947
-1.5999999999999988 -2.486304738420684
-1.5799999999999987 -2.4912321481237614
-1.5599999999999987 -2.495066821070679
-1.5399999999999987 -2.497807075247146
-1.5199999999999987 -2.499451708687114
-1.4999999999999987 -2.5
-1.4799999999999986 -2.499451708687114
-1.4599999999999986 -2.4978070752471457
-1.4399999999999986 -2.4950668210706786
-1.4199999999999986 -2.4912321481237605
-1.3999999999999986 -2.486304738420683
-1.3799999999999986 -2.4802867532861943
-1.3599999999999985 -2.47318083240747
-1.3399999999999985 -2.4649900926762616
-1.3199999999999985 -2.455718126821721
-1.2999999999999985 -2.4453690018345133
-1.2799999999999985 -2.4339472571828997
-1.2599999999999985 -2.421457902821577
-1.2399999999999984 -2.4079064169941446
-1.2199999999999984 -2.393298743830167
-1.1999999999999984 -2.3776412907378828
-1.1799999999999984 -2.3609409255937015
-1.1599999999999984 -2.343204973729727
-1.1399999999999983 -2.324441214720627
-1.1199999999999983 -2.3046578789712497
-1.0999999999999983 -2.2838636441065003
-1.0799999999999983 -2.262067631165047
-1.0599999999999983 -2.23927940059853
-1.0399999999999983 -2.2155089480780346
-1.0199999999999982 -2.190766700109657
-0.9999999999999982 -2.165063509461094
-0.9799999999999982 -2.138410650401264
-0.9599999999999982 -2.110819813755035
-0.9399999999999982 -2.082303101775246
-0.9199999999999982 -2.052873022834257
-0.8999999999999981 -2.0225424859373655
-0.8799999999999981 -1.9913247950604878
-0.8599999999999981 -1.9592336433145963
-0.8399999999999981 -1.92628310693947
-0.8199999999999981 -1.8924876391293877
-0.799999999999998 -1.8578620636934824
-0.779999999999998 -1.8224215685535252
-0.759999999999998 -1.7861816990820047
-0.739999999999998 -1.7491583512834097
-0.719999999999998 -1.7113677648217176
-0.699999999999998 -1.6728265158971416
-0.6799999999999979 -1.6335515099752596
-0.6599999999999979 -1.5935599743717201
-0.6399999999999979 -1.5528694506957716
-0.6199999999999979 -1.5114977871559327
-0.5999999999999979 -1.4694631307311785
-0.5799999999999979 -1.4267839192110745
-0.5599999999999978 -1.3834788731083552
-0.5399999999999978 -1.3395669874474867
-0.5199999999999978 -1.2950675234328204
-0.4999999999999978 -1.2499999999999951
-0.47999999999999776 -1.2043841852542831
-0.45999999999999774 -1.158240087799649
-0.4399999999999977 -1.1115879479623132
-0.4199999999999977 -1.064448228912676
-0.3999999999999977 -1.0168416076894948
-0.3799999999999977 -0.9687889661302517
-0.35999999999999766 -0.9203113817116892
-0.33999999999999764 -0.8714301183045323
-0.3199999999999976 -0.8221666168464523
-0.2999999999999976 -0.7725424859373625
-0.2799999999999976 -0.7225794923611729
-0.25999999999999757 -0.672299551538158
-0.23999999999999758 -0.6217247179121308
-0.2199999999999976 -0.5708771752766332
-0.1999999999999976 -0.5197792270443922
-0.1799999999999976 -0.4684532864643054
-0.15999999999999762 -0.41692186679024945
-0.13999999999999763 -0.3652075714060229
-0.11999999999999762 -0.31333308391075443
-0.09999999999999762 -0.26132115816912743
-0.07999999999999761 -0.20919460833078252
-0.05999999999999761 -0.15697629882327718
-0.03999999999999761 -0.10468913432299283
-0.019999999999997606 -0.05235604970838613
2.3939183968479938e-15 6.267263707359261e-15
0.020000000000002394 0.052356049708398675
0.040000000000002395 0.10468913432300533
0.0600000000000024 0.15697629882328973
0.0800000000000024 0.20919460833079498
0.1000000000000024 0.2613211581691399
0.12000000000000241 0.31333308391076686
0.1400000000000024 0.3652075714060352
0.1600000000000024 0.41692186679026183
0.18000000000000238 0.46845328646431766
0.20000000000000237 0.5197792270444044
0.22000000000000236 0.5708771752766453
0.24000000000000235 0.6217247179121429
0.26000000000000234 0.6722995515381701
0.28000000000000236 0.7225794923611849
0.3000000000000024 0.7725424859373744
0.3200000000000024 0.8221666168464639
0.3400000000000024 0.8714301183045439
0.36000000000000243 0.9203113817117008
0.38000000000000245 0.9687889661302633
0.40000000000000246 1.0168416076895064
0.4200000000000025 1.0644482289126875
0.4400000000000025 1.1115879479623245
0.4600000000000025 1.1582400877996601
0.48000000000000254 1.2043841852542938
0.5000000000000026 1.2500000000000056
0.5200000000000026 1.2950675234328313
0.5400000000000026 1.3395669874474971
0.5600000000000026 1.3834788731083658
0.5800000000000026 1.426783919211085
0.6000000000000026 1.4694631307311883
0.6200000000000027 1.5114977871559425
0.6400000000000027 1.5528694506957814
0.6600000000000027 1.5935599743717297
0.6800000000000027 1.6335515099752687
0.7000000000000027 1.6728265158971505
0.7200000000000027 1.711367764821727
0.7400000000000028 1.7491583512834186
0.7600000000000028 1.7861816990820134
0.7800000000000028 1.8224215685535339
0.8000000000000028 1.8578620636934906
0.8200000000000028 1.892487639129396
0.8400000000000029 1.926283106939478
0.8600000000000029 1.959233643314604
0.8800000000000029 1.9913247950604953
0.9000000000000029 2.022542485937373
0.9200000000000029 2.0528730228342646
0.9400000000000029 2.082303101775253
0.960000000000003 2.1108198137550414
0.980000000000003 2.1384106504012705
1.0000000000000029 2.1650635094611004
1.020000000000003 2.1907667001096627
1.040000000000003 2.2155089480780403
1.060000000000003 2.2392794005985355
1.080000000000003 2.2620676311650523
1.100000000000003 2.2838636441065057
1.120000000000003 2.304657878971254
1.140000000000003 2.3244412147206313
1.160000000000003 2.3432049737297316
1.180000000000003 2.360940925593705
1.200000000000003 2.3776412907378868
1.220000000000003 2.3932987438301705
1.240000000000003 2.4079064169941478
1.2600000000000031 2.4214579028215795
1.2800000000000031 2.433947257182903
1.3000000000000032 2.445369001834516
1.3200000000000032 2.455718126821723
1.3400000000000032 2.4649900926762633
1.3600000000000032 2.473180832407472
1.3800000000000032 2.4802867532861956
1.4000000000000032 2.4863047384206842
1.4200000000000033 2.4912321481237614
1.4400000000000033 2.4950668210706795
1.4600000000000033 2.497807075247146
1.4800000000000033 2.499451708687114
1.5000000000000033 2.5
1.5200000000000033 2.4994517086871135
1.5400000000000034 2.4978070752471453
1.5600000000000034 2.4950668210706786
1.5800000000000034 2.49123214812376
1.6000000000000034 2.4863047384206824
1.6200000000000034 2.4802867532861934
1.6400000000000035 2.4731808324074693
1.6600000000000035 2.4649900926762607
1.6800000000000035 2.4557181268217203
1.7000000000000035 2.4453690018345124
1.7200000000000035 2.4339472571828984
1.7400000000000035 2.4214579028215755
1.7600000000000036 2.407906416994143
1.7800000000000036 2.3932987438301656
1.8000000000000036 2.377641290737881
1.8200000000000036 2.3609409255936993
1.8400000000000036 2.3432049737297254
1.8600000000000037 2.324441214720625
1.8800000000000037 2.3046578789712475
1.9000000000000037 2.283863644106498
1.9200000000000037 2.2620676311650447
1.9400000000000037 2.239279400598528
1.9600000000000037 2.2155089480780323
1.9800000000000038 2.1907667001096547
2.0000000000000036 2.165063509461092
2.0200000000000036 2.1384106504012617
2.0400000000000036 2.1108198137550334
2.0600000000000036 2.0823031017752434
2.0800000000000036 2.0528730228342553
2.1000000000000036 2.022542485937363
2.1200000000000037 1.9913247950604853
2.1400000000000037 1.9592336433145932
2.1600000000000037 1.9262831069394672
2.1800000000000037 1.8924876391293843
2.2000000000000037 1.8578620636934795
2.2200000000000037 1.8224215685535217
2.2400000000000038 1.786181699082002
2.260000000000004 1.7491583512834061
2.280000000000004 1.711367764821715
2.300000000000004 1.6728265158971378
2.320000000000004 1.6335515099752564
2.340000000000004 1.5935599743717168
2.360000000000004 1.5528694506957683
2.380000000000004 1.5114977871559292
2.400000000000004 1.469463130731175
2.420000000000004 1.4267839192110712
2.440000000000004 1.383478873108352
2.460000000000004 1.339566987447483
2.480000000000004 1.2950675234328168
2.500000000000004 1.2499999999999913
2.520000000000004 1.2043841852542794
2.540000000000004 1.1582400877996453
2.560000000000004 1.1115879479623094
2.580000000000004 1.0644482289126722
2.600000000000004 1.016841607689491
2.620000000000004 0.9687889661302487
2.640000000000004 0.920311381711685
2.660000000000004 0.8714301183045281
2.680000000000004 0.822166616846448
2.700000000000004 0.7725424859373593
2.720000000000004 0.7225794923611685
2.740000000000004 0.6722995515381537
2.7600000000000042 0.6217247179121264
2.7800000000000042 0.5708771752766296
2.8000000000000043 0.5197792270443874
2.8200000000000043 0.4684532864643005
2.8400000000000043 0.41692186679024457
2.8600000000000043 0.36520757140601884
2.8800000000000043 0.3133330839107503
2.9000000000000044 0.2613211581691222
2.9200000000000044 0.20919460833077716
2.9400000000000044 0.15697629882327288
2.9600000000000044 0.10468913432298843
2.9800000000000044 0.05235604970838057
