0.00012340980408667956 -3
0.00013102793673240432 -2.99
0.00013908851902558276 -2.9800000000000004
0.00014761544652796283 -2.9700000000000006
0.00015663379391802512 -2.960000000000001
0.00016616986660727647 -2.950000000000001
0.000176251254247383 -2.9400000000000013
0.0001869068861775184 -2.9300000000000015
0.00019816708886150446 -2.9200000000000017
0.0002100636453644797 -2.910000000000002
0.0002226298569188862 -2.900000000000002
0.0002359006066295737 -2.8900000000000023
0.00024991242536771845 -2.8800000000000026
0.00026470355990308725 -2.8700000000000028
0.0002803140433239031 -2.860000000000003
0.0002967857677932054 -2.850000000000003
0.00031416255969013207 -2.8400000000000034
0.0003324902571839681 -2.8300000000000036
0.0003518167902881283 -2.820000000000004
0.0003721922634404281 -2.810000000000004
0.0003936690406550688 -2.8000000000000043
0.0004163018332907064 -2.7900000000000045
0.0004401477904777808 -2.7800000000000047
0.0004652665922469462 -2.770000000000005
0.0004917205453989684 -2.760000000000005
0.0005195746821548233 -2.7500000000000053
0.0005488968616229429 -2.7400000000000055
0.0005797578741186041 -2.7300000000000058
0.0006122315483683431 -2.720000000000006
0.0006463948616299771 -2.710000000000006
0.000682328052756353 -2.7000000000000064
0.0007201147382282722 -2.6900000000000066
0.0007598420311792121 -2.680000000000007
0.0008016006634313969 -2.670000000000007
0.0008454851105595498 -2.6600000000000072
0.0008915937199951839 -2.6500000000000075
0.0009400288421806485 -2.6400000000000077
0.000990896964778243 -2.630000000000008
0.0010443088499356356 -2.620000000000008
0.0011003796746044743 -2.6100000000000083
0.00115922917390454 -2.6000000000000085
0.0012209817875209834 -2.5900000000000087
0.0012857668091171826 -2.580000000000009
0.0013537185387404568 -2.570000000000009
0.0014249764381923965 -2.5600000000000094
0.0014996852893297723 -2.5500000000000096
0.0015779953552559987 -2.54000000000001
0.0016600625443568557 -2.53000000000001
0.0017460485771276645 -2.5200000000000102
0.0018361211557323264 -2.5100000000000104
0.0019304541362276063 -2.5000000000000107
0.00202922770337881 -2.490000000000011
0.0021326285479853625 -2.480000000000011
0.002240850046627119 -2.4700000000000113
0.002354092443734093 -2.4600000000000115
0.0024725630358740517 -2.4500000000000117
0.0025964763581438435 -2.440000000000012
0.0027260543725415387 -2.430000000000012
0.0028615266581874105 -2.4200000000000124
0.0030031306032525375 -2.4100000000000126
0.003151111598444248 -2.400000000000013
0.0033057232318879307 -2.390000000000013
0.0034672274852347753 -2.380000000000013
0.0036358949308147523 -2.3700000000000134
0.003812004929643914 -2.3600000000000136
0.003995845830084373 -2.350000000000014
0.0041877151669446255 -2.340000000000014
0.004387919860796965 -2.3300000000000143
0.004596776417277564 -2.3200000000000145
0.0048146111261236435 -2.3100000000000147
0.005041760259690634 -2.300000000000015
0.0052785702706808595 -2.290000000000015
0.005525397988803545 -2.2800000000000153
0.005782610816074235 -2.2700000000000156
0.006050586920450076 -2.2600000000000158
0.006329715427485292 -2.250000000000016
0.00662039660967957 -2.240000000000016
0.00692304207318004 -2.2300000000000164
0.007238074941485597 -2.2200000000000166
0.007565930035790575 -2.210000000000017
0.007907054051592845 -2.200000000000017
0.008261905731179676 -2.1900000000000173
0.008630956031593121 -2.1800000000000175
0.00901468828766509 -2.1700000000000177
0.009413598369700904 -2.160000000000018
0.009828194835378922 -2.150000000000018
0.010258999075422881 -2.1400000000000183
0.010706545452592827 -2.1300000000000185
0.01117138143352994 -2.1200000000000188
0.011654067712980448 -2.110000000000019
0.012155178329913953 -2.100000000000019
0.012675300775042064 -2.0900000000000194
0.013215036089233769 -2.0800000000000196
0.013774998952315922 -2.07000000000002
0.014355817761738433 -2.06000000000002
0.014958134700576246 -2.0500000000000203
0.0155826057943332 -2.0400000000000205
0.016229900956005835 -2.0300000000000207
0.016900704018859694 -2.020000000000021
0.017595712756364762 -2.010000000000021
0.018315638888732617 -2.0000000000000213
0.019061208075493247 -1.9900000000000213
0.01983315989354683 -1.9800000000000213
0.020632247800122978 -1.9700000000000213
0.021459239080078605 -1.9600000000000213
0.022314914776964557 -1.9500000000000213
0.023200069607291558 -1.9400000000000213
0.02411551185742709 -1.9300000000000213
0.025062063262556715 -1.9200000000000212
0.02604055886714662 -1.9100000000000212
0.027051846866348227 -1.9000000000000212
0.02809678842779083 -1.8900000000000212
0.029176257493214636 -1.8800000000000212
0.030291140559403948 -1.8700000000000212
0.03144233643788883 -1.8600000000000212
0.03263075599289347 -1.8500000000000212
0.03385732185702049 -1.8400000000000212
0.035122968124172496 -1.8300000000000212
0.03642864001922622 -1.8200000000000212
0.037775293543989084 -1.8100000000000211
0.03916389509898409 -1.8000000000000211
0.040595421080627185 -1.7900000000000211
0.04207085745337914 -1.7800000000000211
0.04359119929647535 -1.7700000000000211
0.04515745032485756 -1.760000000000021
0.04677062238395554 -1.750000000000021
0.048431734917990646 -1.740000000000021
0.050141814411499286 -1.730000000000021
0.05190189380380161 -1.720000000000021
0.05371301187616966 -1.710000000000021
0.05557621261147909 -1.700000000000021
0.05749254452616046 -1.690000000000021
0.05946305997429897 -1.680000000000021
0.061488814423765754 -1.670000000000021
0.06357086570430008 -1.660000000000021
0.0657102732274983 -1.650000000000021
0.06790809717870475 -1.640000000000021
0.0701653976808384 -1.630000000000021
0.07248323393023157 -1.620000000000021
0.07486266330459845 -1.610000000000021
0.07730474044329456 -1.600000000000021
0.07981051630007432 -1.590000000000021
0.08238103716859829 -1.580000000000021
0.0850173436809895 -1.570000000000021
0.08772046977978668 -1.560000000000021
0.09049144166369005 -1.550000000000021
0.09333127670754655 -1.540000000000021
0.09624098235707174 -1.530000000000021
0.09922155499885695 -1.520000000000021
0.10227397880626345 -1.5100000000000209
0.10539922456185774 -1.5000000000000209
0.10859824845709619 -1.4900000000000209
0.11187199087002128 -1.4800000000000209
0.1152213751217864 -1.4700000000000208
0.11864730621288086 -1.4600000000000208
0.12215066953998263 -1.4500000000000208
0.12573232959442035 -1.4400000000000208
0.1293931286432836 -1.4300000000000208
0.13313388539427395 -1.4200000000000208
0.13695539364544518 -1.4100000000000208
0.14085842092103681 -1.4000000000000208
0.14484370709465874 -1.3900000000000208
0.1489119630011392 -1.3800000000000208
0.1530638690384025 -1.3700000000000208
0.15730007376079486 -1.3600000000000207
0.16162119246533022 -1.3500000000000207
0.16602780577237744 -1.3400000000000207
0.17052045820236214 -1.3300000000000207
0.17509965675010383 -1.3200000000000207
0.17976586945845807 -1.3100000000000207
0.18451952399297933 -1.3000000000000207
0.18936100621936403 -1.2900000000000207
0.19429065878547788 -1.2800000000000207
0.19930877970981223 -1.2700000000000207
0.20441562097825336 -1.2600000000000207
0.209611387151087 -1.2500000000000207
0.21489623398219437 -1.2400000000000206
0.22027026705243055 -1.2300000000000206
0.22573354041920551 -1.2200000000000206
0.2312860552843171 -1.2100000000000206
0.23692775868211005 -1.2000000000000206
0.24265854219005892 -1.1900000000000206
0.24847824066389212 -1.1800000000000206
0.25438663099939157 -1.1700000000000206
0.26038343092301663 -1.1600000000000206
0.2664682978135115 -1.1500000000000206
0.27264082755666413 -1.1400000000000206
0.2789005534353869 -1.1300000000000205
0.2852469450572921 -1.1200000000000205
0.29167940732193326 -1.1100000000000205
0.29819727942987395 -1.1000000000000205
0.3047998339357396 -1.0900000000000205
0.3114862758473933 -1.0800000000000205
0.3182557417733568 -1.0700000000000205
0.32510729912058167 -1.0600000000000205
0.3320399453446464 -1.0500000000000205
0.3390526072544278 -1.0400000000000205
0.3461441403732641 -1.0300000000000205
0.35331332835858664 -1.0200000000000204
0.3605588824819607 -1.0100000000000204
0.3678794411714273 -1.0000000000000204
0.3752735696179922 -0.9900000000000204
0.3827397594480538 -0.9800000000000204
0.3902764284635057 -0.9700000000000204
0.3978819204511891 -0.9600000000000204
0.40555450506330487 -0.9500000000000204
0.41329237777032835 -0.9400000000000204
0.4210936598878959 -0.9300000000000204
0.42895639867905694 -0.9200000000000204
0.43687856753320603 -0.9100000000000203
0.44485806622292484 -0.9000000000000203
0.4528927212398782 -0.8900000000000203
0.46098028621081716 -0.8800000000000203
0.4691184423946476 -0.8700000000000203
0.4773047992614291 -0.8600000000000203
0.48553689515406273 -0.8500000000000203
0.4938121980333293 -0.8400000000000203
0.5021281063068299 -0.8300000000000203
0.5104819497422723 -0.8200000000000203
0.5188709904654354 -0.8100000000000203
0.5272924240430314 -0.8000000000000203
0.5357433806505677 -0.7900000000000202
0.5442209263251901 -0.7800000000000202
0.5527220643033767 -0.7700000000000202
0.5612437364432177 -0.7600000000000202
0.5697828247309057 -0.7500000000000202
0.5783361528709268 -0.7400000000000202
0.5869004879593207 -0.7300000000000202
0.5954725422392525 -0.7200000000000202
0.604048974938008 -0.7100000000000202
0.6126263941843988 -0.7000000000000202
0.6212013590054335 -0.6900000000000202
0.6297703814009858 -0.6800000000000201
0.6383299284950579 -0.6700000000000201
0.6468764247621126 -0.6600000000000201
0.6554062543268234 -0.6500000000000201
0.6639157633354564 -0.6400000000000201
0.6724012623969857 -0.6300000000000201
0.6808590290919079 -0.6200000000000201
0.6892853105466095 -0.6100000000000201
0.6976763260710143 -0.6000000000000201
0.706028269857123 -0.5900000000000201
0.7143373137359409 -0.58000000000002
0.7225996099901771 -0.57000000000002
0.7308112942199875 -0.56000000000002
0.7389684882589279 -0.55000000000002
0.7470673031371795 -0.54000000000002
0.7551038420890075 -0.53000000000002
0.7630742036013203 -0.52000000000002
0.7709744845000996 -0.51000000000002
0.7788007830713893 -0.50000000000002
0.7865492022134396 -0.49000000000002
0.7942158526165315 -0.48000000000001997
0.8017968559669263 -0.47000000000001996
0.8092883481713172 -0.46000000000001995
0.8166864825980962 -0.45000000000001994
0.8239874333316887 -0.44000000000001993
0.8311873984361565 -0.4300000000000199
0.8382826032242194 -0.4200000000000199
0.8452693035278047 -0.4100000000000199
0.8521437889661978 -0.4000000000000199
0.8589023862078343 -0.3900000000000199
0.8655414622217529 -0.3800000000000199
0.8720574275147063 -0.37000000000001987
0.8784467393499188 -0.36000000000001986
0.8847059049434712 -0.35000000000001985
0.8908314846342967 -0.34000000000001984
0.8968200950237751 -0.33000000000001983
0.9026684120809306 -0.3200000000000198
0.9083731742092568 -0.3100000000000198
0.9139311852712173 -0.3000000000000198
0.9193393175665077 -0.2900000000000198
0.9245945147602005 -0.2800000000000198
0.9296937947569445 -0.2700000000000198
0.9346342525174391 -0.26000000000001977
0.9394130628134665 -0.25000000000001976
0.9440274829178267 -0.24000000000001975
0.9484748552255959 -0.23000000000001974
0.9527526098032026 -0.22000000000001974
0.9568582668619018 -0.21000000000001973
0.9607894391523156 -0.20000000000001972
0.9645438342768082 -0.1900000000000197
0.9681192569165559 -0.1800000000000197
0.9715136109702892 -0.1700000000000197
0.9747249016017878 -0.16000000000001968
0.9777512371933306 -0.15000000000001967
0.980590831202423 -0.14000000000001966
0.9832420039192504 -0.13000000000001966
0.9857031841224383 -0.12000000000001966
0.9879729106308339 -0.11000000000001967
0.9900498337491641 -0.10000000000001967
0.9919327166055677 -0.09000000000001968
0.9936204363791459 -0.08000000000001968
0.9951119854158271 -0.07000000000001969
0.996406472230991 -0.06000000000001968
0.9975031223974582 -0.05000000000001968
0.9984012793176047 -0.04000000000001968
0.9991004048785261 -0.030000000000019678
0.9996000799893336 -0.020000000000019676
0.9999000049998329 -0.010000000000019675
1.0 -1.9675233664528946e-14
0.9999000049998338 0.009999999999980325
0.9996000799893352 0.019999999999980325
0.9991004048785285 0.029999999999980327
0.9984012793176079 0.03999999999998033
0.9975031223974621 0.04999999999998033
0.9964064722309958 0.05999999999998033
0.9951119854158326 0.06999999999998033
0.9936204363791521 0.07999999999998032
0.9919327166055747 0.08999999999998032
0.990049833749172 0.09999999999998031
0.9879729106308425 0.10999999999998031
0.9857031841224476 0.1199999999999803
0.9832420039192604 0.1299999999999803
0.9805908312024337 0.1399999999999803
0.9777512371933421 0.14999999999998032
0.9747249016018 0.15999999999998032
0.9715136109703022 0.16999999999998033
0.9681192569165696 0.17999999999998034
0.9645438342768227 0.18999999999998035
0.9607894391523307 0.19999999999998036
0.9568582668619176 0.20999999999998037
0.9527526098032192 0.21999999999998038
0.9484748552256131 0.2299999999999804
0.9440274829178446 0.2399999999999804
0.939413062813485 0.2499999999999804
0.9346342525174582 0.2599999999999804
0.9296937947569642 0.2699999999999804
0.9245945147602208 0.27999999999998043
0.9193393175665286 0.28999999999998044
0.913931185271239 0.29999999999998045
0.908373174209279 0.30999999999998046
0.9026684120809534 0.31999999999998047
0.8968200950237983 0.3299999999999805
0.8908314846343206 0.3399999999999805
0.8847059049434957 0.3499999999999805
0.8784467393499437 0.3599999999999805
0.8720574275147317 0.3699999999999805
0.8655414622217787 0.3799999999999805
0.8589023862078606 0.38999999999998053
0.8521437889662246 0.39999999999998054
0.845269303527832 0.40999999999998055
0.8382826032242472 0.41999999999998056
0.8311873984361847 0.42999999999998056
0.8239874333317173 0.4399999999999806
0.8166864825981252 0.4499999999999806
0.8092883481713465 0.4599999999999806
0.8017968559669559 0.4699999999999806
0.7942158526165615 0.4799999999999806
0.7865492022134699 0.4899999999999806
0.77880078307142 0.4999999999999806
0.7709744845001306 0.5099999999999806
0.7630742036013515 0.5199999999999806
0.755103842089039 0.5299999999999806
0.7470673031372114 0.5399999999999806
0.73896848825896 0.5499999999999806
0.7308112942200198 0.5599999999999806
0.7225996099902096 0.5699999999999806
0.7143373137359735 0.5799999999999806
0.7060282698571558 0.5899999999999807
0.6976763260710472 0.5999999999999807
0.6892853105466425 0.6099999999999807
0.6808590290919411 0.6199999999999807
0.6724012623970191 0.6299999999999807
0.66391576333549 0.6399999999999807
0.655406254326857 0.6499999999999807
0.6468764247621462 0.6599999999999807
0.6383299284950915 0.6699999999999807
0.6297703814010197 0.6799999999999807
0.6212013590054674 0.6899999999999807
0.6126263941844325 0.6999999999999807
0.6040489749380419 0.7099999999999808
0.5954725422392863 0.7199999999999808
0.5869004879593545 0.7299999999999808
0.5783361528709605 0.7399999999999808
0.5697828247309394 0.7499999999999808
0.5612437364432513 0.7599999999999808
0.5527220643034102 0.7699999999999808
0.5442209263252237 0.7799999999999808
0.535743380650601 0.7899999999999808
0.5272924240430648 0.7999999999999808
0.5188709904654685 0.8099999999999808
0.5104819497423053 0.8199999999999809
0.5021281063068629 0.8299999999999809
0.49381219803336196 0.8399999999999809
0.4855368951540952 0.8499999999999809
0.4773047992614614 0.8599999999999809
0.4691184423946798 0.8699999999999809
0.4609802862108491 0.8799999999999809
0.45289272123991003 0.8899999999999809
0.4448580662229564 0.8999999999999809
0.43687856753323734 0.9099999999999809
0.428956398679088 0.9199999999999809
0.42109365988792674 0.929999999999981
0.413292377770359 0.939999999999981
0.4055545050633352 0.949999999999981
0.39788192045121923 0.959999999999981
0.39027642846353555 0.969999999999981
0.38273975944808336 0.979999999999981
0.37527356961802144 0.989999999999981
0.36787944117145627 0.999999999999981
0.36055888248198953 1.009999999999981
0.3533133283586151 1.019999999999981
0.3461441403732923 1.029999999999981
0.3390526072544557 1.039999999999981
0.3320399453446739 1.049999999999981
0.325107299120609 1.059999999999981
0.3182557417733837 1.069999999999981
0.31148627584741995 1.079999999999981
0.3047998339357659 1.089999999999981
0.2981972794298998 1.099999999999981
0.29167940732195885 1.109999999999981
0.2852469450573173 1.119999999999981
0.27890055343541176 1.129999999999981
0.2726408275566887 1.139999999999981
0.2664682978135357 1.149999999999981
0.2603834309230405 1.159999999999981
0.2543866309994151 1.169999999999981
0.2484782406639153 1.179999999999981
0.2426585421900817 1.189999999999981
0.2369277586821325 1.199999999999981
0.23128605528433924 1.209999999999981
0.22573354041922727 1.219999999999981
0.22027026705245195 1.229999999999981
0.2148962339822154 1.2399999999999811
0.2096113871511077 1.2499999999999811
0.20441562097827373 1.2599999999999811
0.1993087797098322 1.2699999999999811
0.19429065878549753 1.2799999999999812
0.18936100621938332 1.2899999999999812
0.18451952399299829 1.2999999999999812
0.1797658694584767 1.3099999999999812
0.17509965675012207 1.3199999999999812
0.17052045820238007 1.3299999999999812
0.16602780577239504 1.3399999999999812
0.16162119246534742 1.3499999999999812
0.1573000737608118 1.3599999999999812
0.1530638690384191 1.3699999999999812
0.14891196300115547 1.3799999999999812
0.14484370709467465 1.3899999999999813
0.14085842092105239 1.3999999999999813
0.13695539364546044 1.4099999999999813
0.13313388539428891 1.4199999999999813
0.12939312864329824 1.4299999999999813
0.12573232959443464 1.4399999999999813
0.12215066953999662 1.4499999999999813
0.11864730621289456 1.4599999999999813
0.11522137512179975 1.4699999999999813
0.11187199087003434 1.4799999999999813
0.10859824845710896 1.4899999999999813
0.10539922456187023 1.4999999999999813
0.10227397880627566 1.5099999999999814
0.09922155499886888 1.5199999999999814
0.09624098235708335 1.5299999999999814
0.0933312767075579 1.5399999999999814
0.09049144166370114 1.5499999999999814
0.0877204697797975 1.5599999999999814
0.08501734368100007 1.5699999999999814
0.08238103716860858 1.5799999999999814
0.07981051630008439 1.5899999999999814
0.07730474044330435 1.5999999999999814
0.07486266330460796 1.6099999999999814
0.07248323393024084 1.6199999999999815
0.07016539768084744 1.6299999999999815
0.06790809717871356 1.6399999999999815
0.06571027322750687 1.6499999999999815
0.06357086570430841 1.6599999999999815
0.061488814423773866 1.6699999999999815
0.05946305997430686 1.6799999999999815
0.05749254452616815 1.6899999999999815
0.05557621261148657 1.6999999999999815
0.053713011876176935 1.7099999999999815
0.05190189380380866 1.7199999999999815
0.05014181441150614 1.7299999999999816
0.048431734917997314 1.7399999999999816
0.04677062238396199 1.7499999999999816
0.04515745032486384 1.7599999999999816
0.04359119929648145 1.7699999999999816
0.04207085745338507 1.7799999999999816
0.04059542108063292 1.7899999999999816
0.039163895098989675 1.7999999999999816
0.03777529354399449 1.8099999999999816
0.03642864001923146 1.8199999999999816
0.03512296812417756 1.8299999999999816
0.033857321857025405 1.8399999999999817
0.032630755992898254 1.8499999999999817
0.03144233643789345 1.8599999999999817
0.030291140559408427 1.8699999999999817
0.029176257493218977 1.8799999999999817
0.028096788427795023 1.8899999999999817
0.02705184686635229 1.8999999999999817
0.026040558867150555 1.9099999999999817
0.02506206326256052 1.9199999999999817
0.024115511857430775 1.9299999999999817
0.023200069607295114 1.9399999999999817
0.022314914776968 1.9499999999999817
0.021459239080081932 1.9599999999999818
0.020632247800126194 1.9699999999999818
0.01983315989354993 1.9799999999999818
0.019061208075496255 1.9899999999999818
0.018315638888735514 1.9999999999999818
0.017595712756367562 2.0099999999999816
0.016900704018862397 2.0199999999999814
0.016229900956008445 2.029999999999981
0.015582605794335718 2.039999999999981
0.014958134700578676 2.0499999999999807
0.014355817761740766 2.0599999999999805
0.013774998952318174 2.0699999999999803
0.01321503608923594 2.07999999999998
0.01267530077504416 2.08999999999998
0.012155178329915972 2.0999999999999797
0.011654067712982384 2.1099999999999794
0.011171381433531816 2.1199999999999792
0.010706545452594635 2.129999999999979
0.010258999075424612 2.139999999999979
0.00982819483538059 2.1499999999999786
0.009413598369702517 2.1599999999999784
0.009014688287666644 2.169999999999978
0.00863095603159461 2.179999999999978
0.008261905731181107 2.1899999999999777
0.00790705405159422 2.1999999999999775
0.007565930035791899 2.2099999999999773
0.007238074941486863 2.219999999999977
0.006923042073181258 2.229999999999977
0.00662039660968074 2.2399999999999767
0.006329715427486416 2.2499999999999765
0.006050586920451162 2.2599999999999763
0.005782610816075272 2.269999999999976
0.005525397988804541 2.279999999999976
0.005278570270681816 2.2899999999999756
0.005041760259691548 2.2999999999999754
0.0048146111261245204 2.309999999999975
0.004596776417278405 2.319999999999975
0.004387919860797771 2.3299999999999748
0.004187715166945399 2.3399999999999745
0.003995845830085115 2.3499999999999743
0.0038120049296446246 2.359999999999974
0.0036358949308154336 2.369999999999974
0.003467227485235428 2.3799999999999737
0.003305723231888556 2.3899999999999735
0.0031511115984448443 2.3999999999999733
0.0030031306032531108 2.409999999999973
0.0028615266581879595 2.419999999999973
0.0027260543725420618 2.4299999999999726
0.002596476358144344 2.4399999999999724
0.0024725630358745304 2.449999999999972
0.002354092443734551 2.459999999999972
0.0022408500466275564 2.4699999999999718
0.002132628547985781 2.4799999999999716
0.00202922770337921 2.4899999999999713
0.001930454136227987 2.499999999999971
0.00183612115573269 2.509999999999971
0.0017460485771280134 2.5199999999999707
0.0016600625443571875 2.5299999999999705
0.0015779953552563153 2.5399999999999703
0.0014996852893300746 2.54999999999997
0.001424976438192685 2.55999999999997
0.0013537185387407311 2.5699999999999696
0.001285766809117444 2.5799999999999694
0.0012209817875212328 2.589999999999969
0.0011592291739047778 2.599999999999969
0.0011003796746047012 2.609999999999969
0.0010443088499358518 2.6199999999999686
0.0009908969647784488 2.6299999999999684
0.0009400288421808448 2.639999999999968
0.0008915937199953708 2.649999999999968
0.0008454851105597278 2.6599999999999677
0.0008016006634315664 2.6699999999999675
0.0007598420311793735 2.6799999999999673
0.0007201147382284258 2.689999999999967
0.0006823280527564984 2.699999999999967
0.0006463948616301161 2.7099999999999667
0.0006122315483684746 2.7199999999999664
0.0005797578741187292 2.7299999999999662
0.0005488968616230619 2.739999999999966
0.0005195746821549363 2.749999999999966
0.0004917205453990754 2.7599999999999656
0.0004652665922470479 2.7699999999999654
0.00044014779047787776 2.779999999999965
0.00041630183329079845 2.789999999999965
0.00039366904065515587 2.7999999999999647
0.0003721922634405107 2.8099999999999645
0.00035181679028820675 2.8199999999999643
0.0003324902571840425 2.829999999999964
0.0003141625596902024 2.839999999999964
0.00029678576779327236 2.8499999999999637
0.0002803140433239663 2.8599999999999635
0.0002647035599031474 2.8699999999999632
0.00024991242536777575 2.879999999999963
0.00023590060662962778 2.889999999999963
0.00022262985691893722 2.8999999999999626
0.00021006364536452785 2.9099999999999624
0.00019816708886155024 2.919999999999962
0.00018690688617756156 2.929999999999962
0.00017625125424742405 2.9399999999999618
0.00016616986660731513 2.9499999999999615
0.00015663379391806184 2.9599999999999613
0.00014761544652799744 2.969999999999961
0.00013908851902561564 2.979999999999961
0.00013102793673243528 2.9899999999999607
0.0001234098040867087 2.9999999999999605
