2.9363523820172725e-06 -3
3.9408928447295837e-07 -2.99
2.8309428800429257e-07 -2.9800000000000004
3.0874231308435446e-06 -2.9700000000000006
9.224926214348121e-06 -2.960000000000001
1.901978440593451e-05 -2.950000000000001
3.2676132865162364e-05 -2.9400000000000013
5.025417246112754e-05 -2.9300000000000015
7.165021940501639e-05 -2.9200000000000017
9.658213049149649e-05 -2.910000000000002
0.00012458145671071045 -2.900000000000002
0.00015499351750512447 -2.8900000000000023
0.00018698635034886208 -2.8800000000000026
0.0002195691780109931 -2.8700000000000028
0.0002516206551743936 -2.860000000000003
0.00028192671747344236 -2.850000000000003
0.00030922737401777994 -2.8400000000000034
0.0003322712774515232 -2.8300000000000036
0.0003498763952994277 -2.820000000000004
0.00036099461721051236 -2.810000000000004
0.0003647776909649252 -2.8000000000000043
0.0003606415127174337 -2.7900000000000045
0.0003483255303382 -2.7800000000000047
0.0003279438774151758 -2.770000000000005
0.0003000248607254272 -2.760000000000005
0.0002655355922534008 -2.7500000000000053
0.00022588889853973718 -2.7400000000000055
0.0001829301584129291 -2.7300000000000058
0.00013890240986509525 -2.720000000000006
9.638891393554073e-05 -2.710000000000006
5.8233344683595986e-05 -2.7000000000000064
2.743885727069107e-05 -2.6900000000000066
7.0484298961346225e-06 -2.680000000000007
1.0031428542276016e-08 -2.670000000000007
9.031280700142607e-06 -2.6600000000000072
3.6429277314362994e-05 -2.6500000000000075
8.39821376824988e-05 -2.6400000000000077
0.00015278940532665336 -2.630000000000008
0.00024314886697790692 -2.620000000000008
0.0003544573487203571 -2.6100000000000083
0.0004851427528642416 -2.6000000000000085
0.0006326339031702093 -2.5900000000000087
0.0007933736861491839 -2.580000000000009
0.0009628795199865123 -2.570000000000009
0.0011358533800220707 -2.5600000000000094
0.0013063415103527808 -2.5500000000000096
0.0014679416242266631 -2.54000000000001
0.0016140529288839152 -2.53000000000001
0.001738161806636416 -2.5200000000000102
0.0018341535590112037 -2.5100000000000104
0.0018966383986247202 -2.5000000000000107
0.0019212779810079865 -2.490000000000011
0.001905097329932337 -2.480000000000011
0.0018467661398233538 -2.4700000000000113
0.0017468332369134604 -2.4600000000000115
0.0016078985241972377 -2.4500000000000117
0.0014347080734065723 -2.440000000000012
0.0012341601763869836 -2.430000000000012
0.0010152131075001308 -2.4200000000000124
0.0007886890171817822 -2.4100000000000126
0.00056697267283252 -2.400000000000013
0.0003636085450692807 -2.390000000000013
0.0001928048261555877 -2.380000000000013
6.885815215369035e-05 -2.3700000000000134
5.517844883691383e-06 -2.3600000000000136
1.5313141816338845e-05 -2.350000000000014
0.00010887088361270139 -2.340000000000014
0.0002942542284050875 -2.3300000000000143
0.000576354926214794 -2.3200000000000145
0.0009563723150859061 -2.3100000000000147
0.0014314113360272163 -2.300000000000015
0.0019942294063171797 -2.290000000000015
0.0026331579060079845 -2.2800000000000153
0.0033322183604979775 -2.2700000000000156
0.004071446261799668 -2.2600000000000158
0.004827427062250204 -2.250000000000016
0.005574039475086391 -2.240000000000016
0.006283391177204623 -2.2300000000000164
0.006926921743569254 -2.2200000000000166
0.00747663761146047 -2.210000000000017
0.00790643456809676 -2.200000000000017
0.008193455179172087 -2.1900000000000173
0.008319422217557895 -2.1800000000000175
0.008271884962442655 -2.1700000000000177
0.008045313608881693 -2.160000000000018
0.007641978259218519 -2.150000000000018
0.007072553255985169 -2.1400000000000183
0.006356395028595725 -2.1300000000000185
0.005521452090070087 -2.1200000000000188
0.004603779111814717 -2.110000000000019
0.003646642748444006 -2.100000000000019
0.002699224557434986 -2.0900000000000194
0.0018149453013246327 -2.0800000000000196
0.0010494543586924156 -2.07000000000002
0.00045834704095042925 -2.06000000000002
9.469039610308901e-05 -2.0500000000000203
6.453642530135977e-06 -2.0400000000000205
0.0002339518059840709 -2.0300000000000207
0.0008074195930930995 -2.020000000000021
0.0017448363031139617 -2.010000000000021
0.0030501210951763406 -2.0000000000000213
0.0047118108293550485 -1.9900000000000213
0.006702319858289095 -1.9800000000000213
0.00897786269145964 -1.9700000000000213
0.011479096789024501 -1.9600000000000213
0.014132514544223656 -1.9500000000000213
0.016852581726309535 -1.9400000000000213
0.019544585465472976 -1.9300000000000213
0.022108119658636162 -1.9200000000000212
0.024441101007924956 -1.9100000000000212
0.026444176415598705 -1.9000000000000212
0.028025353819820655 -1.8900000000000212
0.029104665384353696 -1.8800000000000212
0.02961865574155909 -1.8700000000000212
0.029524480011791098 -1.8600000000000212
0.028803397577731406 -1.8500000000000212
0.027463458720078132 -1.8400000000000212
0.025541202451855004 -1.8300000000000212
0.023102215001456837 -1.8200000000000212
0.020240438693728227 -1.8100000000000211
0.01707616929097701 -1.8000000000000211
0.013752734551480813 -1.7900000000000211
0.01043190579667515 -1.7800000000000211
0.0072881552553098585 -1.7700000000000211
0.004501932216065119 -1.760000000000021
0.002252187754152484 -1.750000000000021
0.0007084281490947162 -1.740000000000021
2.2618319265852487e-05 -1.730000000000021
0.00032128613026600924 -1.720000000000021
0.0016981941163747 -1.710000000000021
0.004207945302128156 -1.700000000000021
0.007860873338944727 -1.690000000000021
0.01261953368537783 -1.680000000000021
0.018397062421557215 -1.670000000000021
0.02505760365280956 -1.660000000000021
0.03241892726993554 -1.650000000000021
0.040257268794270266 -1.640000000000021
0.04831432552425961 -1.630000000000021
0.056306242164773423 -1.620000000000021
0.06393431893151767 -1.610000000000021
0.07089708039948271 -1.600000000000021
0.07690325877570878 -1.590000000000021
0.08168517532976316 -1.580000000000021
0.08501195253602642 -1.570000000000021
0.08670196059975115 -1.560000000000021
0.08663389818614022 -1.550000000000021
0.08475593010687318 -1.540000000000021
0.08109235508395828 -1.530000000000021
0.07574735393357065 -1.520000000000021
0.06890547075560939 -1.5100000000000209
0.0608286038837975 -1.5000000000000209
0.051849425160617225 -1.4900000000000209
0.04236130019925371 -1.4800000000000209
0.03280494244492344 -1.4700000000000208
0.023652193164382978 -1.4600000000000208
0.015387470717039747 -1.4500000000000208
0.00848756827592979 -1.4400000000000208
0.0034005925267585153 -1.4300000000000208
0.0005249203456126983 -1.4200000000000208
0.00018910055172792232 -1.4100000000000208
0.002633639311382648 -1.4000000000000208
0.007995577908733011 -1.3900000000000208
0.016296699401730032 -1.3800000000000208
0.02743608701793304 -1.3700000000000208
0.04118760482145883 -1.3600000000000207
0.05720268491615116 -1.3500000000000207
0.07501859176043484 -1.3400000000000207
0.09407210117664876 -1.3300000000000207
0.11371828877888902 -1.3200000000000207
0.1332538802111135 -1.3100000000000207
0.1519443847054314 -1.3000000000000207
0.16905402502335087 -1.2900000000000207
0.18387730137592478 -1.2800000000000207
0.1957708940347491 -1.2700000000000207
0.20418452721676275 -1.2600000000000207
0.2086893917469295 -1.2500000000000207
0.2090027600095 -1.2400000000000206
0.20500752526777122 -1.2300000000000206
0.19676555728725023 -1.2200000000000206
0.18452398322818594 -1.2100000000000206
0.16871377008527777 -1.2000000000000206
0.14994029304172188 -1.1900000000000206
0.12896591116613076 -1.1800000000000206
0.10668492423293228 -1.1700000000000206
0.0840916370650136 -1.1600000000000206
0.062242594933265914 -1.1500000000000206
0.04221435941102925 -1.1400000000000206
0.025058453555345334 -1.1300000000000205
0.011755304645749913 -1.1200000000000205
0.0031691403073517374 -1.1100000000000205
5.840731272878081e-06 -1.1000000000000205
0.0027757101636011108 -1.0900000000000205
0.011763002776657696 -1.0800000000000205
0.027003823263005725 -1.0700000000000205
0.04827372677767863 -1.0600000000000205
0.0750859758580016 -1.0500000000000205
0.10670098694897857 -1.0400000000000205
0.1421470325997633 -1.0300000000000205
0.1802517762754311 -1.0200000000000204
0.2196837258553949 -1.0100000000000204
0.2590022210116423 -1.0000000000000204
0.2967141405171347 -0.9900000000000204
0.3313351488794784 -0.9800000000000204
0.3614530163142486 -0.9700000000000204
0.3857903578608579 -0.9600000000000204
0.4032640585728892 -0.9500000000000204
0.4130386899377696 -0.9400000000000204
0.4145713808126186 -0.9300000000000204
0.4076458817654942 -0.9200000000000204
0.3923939470029897 -0.9100000000000203
0.3693026400736044 -0.9000000000000203
0.3392067304895798 -0.8900000000000203
0.3032659663614726 -0.8800000000000203
0.2629276578054425 -0.8700000000000203
0.21987565965944544 -0.8600000000000203
0.1759674711682258 -0.8500000000000203
0.1331617460985063 -0.8400000000000203
0.0934390019411914 -0.8300000000000203
0.05871870682240066 -0.8200000000000203
0.03077618671114728 -0.8100000000000203
0.011162917627792833 -0.8000000000000203
0.001133737765239909 -0.7900000000000202
0.0015843291079264043 -0.7800000000000202
0.013001980448751338 -0.7700000000000202
0.03543216371467214 -0.7600000000000202
0.06846284991406516 -0.7500000000000202
0.11122778260956859 -0.7400000000000202
0.162429143661393 -0.7300000000000202
0.22037922030826695 -0.7200000000000202
0.2830598495354404 -0.7100000000000202
0.3481976115628122 -0.7000000000000202
0.4133520053831814 -0.6900000000000202
0.4760131999461972 -0.6800000000000201
0.5337054457272125 -0.6700000000000201
0.5840918790267774 -0.6600000000000201
0.6250762751789588 -0.6500000000000201
0.6548973193939991 -0.6400000000000201
0.6722111696855302 -0.6300000000000201
0.6761584812597268 -0.6200000000000201
0.6664126334197289 -0.6100000000000201
0.6432066278700656 -0.6000000000000201
0.6073369832740497 -0.5900000000000201
0.5601439006443117 -0.58000000000002
0.5034679782740628 -0.57000000000002
0.439584770740304 -0.56000000000002
0.37111946980547256 -0.55000000000002
0.30094489200149255 -0.54000000000002
0.23206674686692522 -0.53000000000002
0.16750079406620608 -0.52000000000002
0.11014694581625903 -0.51000000000002
0.06266560958695472 -0.50000000000002
0.027361580085567976 -0.49000000000002
0.006080573832955033 -0.48000000000001997
0.00012305896553875518 -0.47000000000001996
0.01017938203986232 -0.46000000000001995
0.03628935691534159 -0.45000000000001994
0.07782849124078485 -0.44000000000001993
0.1335219240187632 -0.4300000000000199
0.20148597921309894 -0.4200000000000199
0.2792960551978066 -0.4100000000000199
0.3640784194307403 -0.4000000000000199
0.45262241283880017 -0.3900000000000199
0.5415086368838362 -0.3800000000000199
0.6272479409211835 -0.37000000000001987
0.706425483989869 -0.36000000000001986
0.7758438405554784 -0.35000000000001985
0.8326590708498943 -0.34000000000001984
0.8745038892193003 -0.33000000000001983
0.8995925327995373 -0.3200000000000198
0.9068026410577079 -0.3100000000000198
0.8957303767059459 -0.3000000000000198
0.8667161129816662 -0.2900000000000198
0.8208392359330923 -0.2800000000000198
0.7598819115487676 -0.2700000000000198
0.6862629906952761 -0.26000000000001977
0.6029445126320966 -0.25000000000001976
0.5133144640062037 -0.24000000000001975
0.42105050173902875 -0.23000000000001974
0.3299702079266564 -0.22000000000001974
0.2438740735219383 -0.21000000000001973
0.1663877756287819 -0.20000000000001972
0.10081040231897775 -0.1900000000000197
0.04997508263082141 -0.1800000000000197
0.01612800390898287 -0.1700000000000197
0.0008310622478453422 -0.16000000000001968
0.004892424415038313 -0.15000000000001967
0.028328121494260873 -0.14000000000001966
0.07035649446034956 -0.13000000000001966
0.12942592538064762 -0.12000000000001966
0.20327487445312914 -0.11000000000001967
0.28902186370503546 -0.10000000000001967
0.3832817627988991 -0.09000000000001968
0.48230359714384297 -0.08000000000001968
0.5821241632211777 -0.07000000000001969
0.6787310420271357 -0.06000000000001968
0.7682281797695719 -0.05000000000001968
0.8469970746193456 -0.04000000000001968
0.9118467759476155 -0.030000000000019678
0.9601463616347597 -0.020000000000019676
0.9899342905416908 -0.010000000000019675
1.0 -1.9675233664528946e-14
0.9899342905417696 0.009999999999980325
0.9601463616349144 0.019999999999980325
0.9118467759478397 0.029999999999980327
0.8469970746196303 0.03999999999998033
0.7682281797699052 0.04999999999998033
0.6787310420275043 0.05999999999998033
0.5821241632215668 0.06999999999998033
0.4823035971442369 0.07999999999998032
0.383281762799282 0.08999999999998032
0.28902186370539207 0.09999999999998031
0.2032748744534452 0.10999999999998031
0.12942592538091094 0.1199999999999803
0.07035649446054972 0.1299999999999803
0.028328121494390433 0.1399999999999803
0.004892424415092662 0.14999999999998032
0.0008310622478229649 0.15999999999998032
0.016128003908885406 0.16999999999998033
0.04997508263065356 0.17999999999998034
0.10081040231874708 0.18999999999998035
0.16638777562849844 0.19999999999998036
0.2438740735216141 0.20999999999998037
0.3299702079263054 0.21999999999998038
0.4210505017386656 0.2299999999999804
0.5133144640058434 0.2399999999999804
0.6029445126317541 0.2499999999999804
0.6862629906949652 0.2599999999999804
0.7598819115485009 0.2699999999999804
0.8208392359328807 0.27999999999998043
0.8667161129815181 0.28999999999998044
0.8957303767058667 0.29999999999998045
0.9068026410577005 0.30999999999998046
0.8995925327996014 0.31999999999998047
0.8745038892194329 0.3299999999999805
0.8326590708500897 0.3399999999999805
0.7758438405557285 0.3499999999999805
0.7064254839901632 0.3599999999999805
0.6272479409215103 0.3699999999999805
0.5415086368841822 0.3799999999999805
0.4526224128391515 0.38999999999998053
0.3640784194310835 0.39999999999998054
0.27929605519812845 0.40999999999998055
0.20148597921338748 0.41999999999998056
0.13352192401900842 0.42999999999998056
0.0778284912409772 0.4399999999999806
0.03628935691547531 0.4499999999999806
0.010179382039933661 0.4599999999999806
0.0001230589655465935 0.4699999999999806
0.006080573832900786 0.4799999999999806
0.027361580085455618 0.4899999999999806
0.0626656095867905 0.4999999999999806
0.11014694581605065 0.5099999999999806
0.16750079406596377 0.5199999999999806
0.23206674686666082 0.5299999999999806
0.3009448920012164 0.5399999999999806
0.37111946980519717 0.5499999999999806
0.43958477074004126 0.5599999999999806
0.503467978273824 0.5699999999999806
0.5601439006441057 0.5799999999999806
0.607336983273885 0.5899999999999807
0.6432066278699482 0.5999999999999807
0.6664126334196636 0.6099999999999807
0.6761584812597152 0.6199999999999807
0.6722111696855726 0.6299999999999807
0.6548973193940927 0.6399999999999807
0.6250762751790991 0.6499999999999807
0.5840918790269588 0.6599999999999807
0.533705445727427 0.6699999999999807
0.47601319994643626 0.6799999999999807
0.4133520053834346 0.6899999999999807
0.3481976115630707 0.6999999999999807
0.2830598495356941 0.7099999999999808
0.22037922030850626 0.7199999999999808
0.16242914366160893 0.7299999999999808
0.11122778260975487 0.7399999999999808
0.06846284991421532 0.7499999999999808
0.035432163714781924 0.7599999999999808
0.013001980448818047 0.7699999999999808
0.0015843291079496273 0.7799999999999808
0.0011337377652205624 0.7899999999999808
0.01116291762773367 0.7999999999999808
0.030776186711052575 0.8099999999999808
0.05871870682227657 0.8199999999999809
0.0934390019410434 0.8299999999999809
0.13316174609834233 0.8399999999999809
0.1759674711680535 0.8499999999999809
0.21987565965927275 0.8599999999999809
0.26292765780527694 0.8699999999999809
0.30326596636132114 0.8799999999999809
0.33920673048944866 0.8899999999999809
0.3693026400734995 0.8999999999999809
0.39239394700291363 0.9099999999999809
0.4076458817654502 0.9199999999999809
0.41457138081260797 0.929999999999981
0.41303868993779214 0.939999999999981
0.4032640585729434 0.949999999999981
0.38579035786094096 0.959999999999981
0.3614530163143568 0.969999999999981
0.3313351488796064 0.979999999999981
0.2967141405172783 0.989999999999981
0.2590022210117951 0.999999999999981
0.2196837258555512 1.009999999999981
0.18025177627558553 1.019999999999981
0.1421470325999098 1.029999999999981
0.10670098694911152 1.039999999999981
0.07508597585811738 1.049999999999981
0.04827372677777386 1.059999999999981
0.027003823263078274 1.069999999999981
0.011763002776705745 1.079999999999981
0.002775710163624186 1.089999999999981
5.840731271833035e-06 1.099999999999981
0.0031691403073280584 1.109999999999981
0.011755304645706231 1.119999999999981
0.025058453555284656 1.129999999999981
0.04221435941095528 1.139999999999981
0.062242594933182245 1.149999999999981
0.08409163706492488 1.159999999999981
0.10668492423284313 1.169999999999981
0.12896591116604442 1.179999999999981
0.14994029304164253 1.189999999999981
0.16871377008520913 1.199999999999981
0.18452398322813038 1.209999999999981
0.19676555728720968 1.219999999999981
0.20500752526774682 1.229999999999981
0.20900276000949267 1.2399999999999811
0.2086893917469392 1.2499999999999811
0.20418452721678854 1.2599999999999811
0.1957708940347896 1.2699999999999811
0.18387730137597788 1.2799999999999812
0.1690540250234143 1.2899999999999812
0.1519443847055025 1.2999999999999812
0.13325388021118964 1.3099999999999812
0.11371828877896704 1.3199999999999812
0.09407210117672556 1.3299999999999812
0.07501859176050824 1.3399999999999812
0.05720268491621849 1.3499999999999812
0.04118760482151778 1.3599999999999812
0.027436087017982315 1.3699999999999812
0.016296699401768477 1.3799999999999812
0.007995577908760097 1.3899999999999813
0.0026336393113980555 1.3999999999999813
0.00018910055173195436 1.4099999999999813
0.0005249203456061472 1.4199999999999813
0.0034005925267425003 1.4299999999999813
0.008487568275905875 1.4399999999999813
0.015387470717009546 1.4499999999999813
0.023652193164348325 1.4599999999999813
0.03280494244488605 1.4699999999999813
0.042361300199215655 1.4799999999999813
0.05184942516058054 1.4899999999999813
0.06082860388376346 1.4999999999999813
0.06890547075557965 1.5099999999999814
0.07574735393354652 1.5199999999999814
0.08109235508394043 1.5299999999999814
0.08475593010686225 1.5399999999999814
0.08663389818613634 1.5499999999999814
0.08670196059975438 1.5599999999999814
0.08501195253603645 1.5699999999999814
0.08168517532977933 1.5799999999999814
0.07690325877573033 1.5899999999999814
0.0708970803995085 1.5999999999999814
0.06393431893154683 1.6099999999999814
0.05630624216480444 1.6199999999999815
0.04831432552429146 1.6299999999999815
0.04025726879430204 1.6399999999999815
0.03241892726996568 1.6499999999999815
0.025057603652837348 1.6599999999999815
0.018397062421581848 1.6699999999999815
0.012619533685398683 1.6799999999999815
0.007860873338961499 1.6899999999999815
0.004207945302140317 1.6999999999999815
0.0016981941163823424 1.7099999999999815
0.0003212861302692636 1.7199999999999815
2.2618319265015832e-05 1.7299999999999816
0.0007084281490901864 1.7399999999999816
0.002252187754144898 1.7499999999999816
0.004501932216055075 1.7599999999999816
0.007288155255297932 1.7699999999999816
0.01043190579666229 1.7799999999999816
0.013752734551467603 1.7899999999999816
0.017076169290963988 1.7999999999999816
0.020240438693716264 1.8099999999999816
0.02310221500144632 1.8199999999999816
0.025541202451846344 1.8299999999999816
0.027463458720071672 1.8399999999999817
0.02880339757772727 1.8499999999999817
0.029524480011789502 1.8599999999999817
0.02961865574155995 1.8699999999999817
0.02910466538435689 1.8799999999999817
0.02802535381982595 1.8899999999999817
0.026444176415605865 1.8999999999999817
0.024441101007933584 1.9099999999999817
0.02210811965864589 1.9199999999999817
0.019544585465483485 1.9299999999999817
0.016852581726320277 1.9399999999999817
0.014132514544234318 1.9499999999999817
0.011479096789034799 1.9599999999999818
0.008977862691469107 1.9699999999999818
0.006702319858297542 1.9799999999999818
0.004711810829362277 1.9899999999999818
0.003050121095182204 1.9999999999999818
0.0017448363031183874 2.0099999999999816
0.0008074195930960715 2.0199999999999814
0.00023395180598563426 2.029999999999981
6.453642530387081e-06 2.039999999999981
9.469039610216871e-05 2.0499999999999807
0.0004583470409485131 2.0599999999999805
0.001049454358689705 2.0699999999999803
0.0018149453013213423 2.07999999999998
0.002699224557431339 2.08999999999998
0.0036466427484402185 2.0999999999999797
0.004603779111810988 2.1099999999999794
0.005521452090066609 2.1199999999999792
0.00635639502859265 2.129999999999979
0.007072553255982618 2.139999999999979
0.007641978259216592 2.1499999999999786
0.008045313608880457 2.1599999999999784
0.008271884962442126 2.169999999999978
0.008319422217558062 2.179999999999978
0.008193455179172917 2.1899999999999777
0.00790643456809819 2.1999999999999775
0.007476637611462422 2.2099999999999773
0.006926921743571623 2.219999999999977
0.006283391177207309 2.229999999999977
0.00557403947508928 2.2399999999999767
0.004827427062253186 2.2499999999999765
0.004071446261802639 2.2599999999999763
0.003332218360500829 2.269999999999976
0.0026331579060106364 2.279999999999976
0.0019942294063195597 2.2899999999999756
0.001431411336029269 2.2999999999999754
0.0009563723150875954 2.309999999999975
0.0005763549262161 2.319999999999975
0.0002942542284060073 2.3299999999999748
0.00010887088361324707 2.3399999999999745
1.531314181653641e-05 2.3499999999999743
5.517844883578108e-06 2.359999999999974
6.885815215331237e-05 2.369999999999974
0.0001928048261549973 2.3799999999999737
0.00036360854506853373 2.3899999999999735
0.0005669726728316727 2.3999999999999733
0.0007886890171808906 2.409999999999973
0.0010152131074992459 2.419999999999973
0.00123416017638615 2.4299999999999726
0.0014347080734058305 2.4399999999999724
0.0016078985241966192 2.449999999999972
0.0017468332369129874 2.459999999999972
0.0018467661398230415 2.4699999999999718
0.0019050973299321917 2.4799999999999716
0.0019212779810080063 2.4899999999999713
0.0018966383986248948 2.499999999999971
0.0018341535590115192 2.509999999999971
0.0017381618066368558 2.5199999999999707
0.001614052928884453 2.5299999999999705
0.0014679416242272746 2.5399999999999703
0.0013063415103534406 2.54999999999997
0.0011358533800227525 2.55999999999997
0.0009628795199871913 2.5699999999999696
0.0007933736861498382 2.5799999999999694
0.0006326339031708199 2.589999999999969
0.00048514275286479225 2.599999999999969
0.0003544573487208358 2.609999999999969
0.00024314886697830533 2.6199999999999686
0.00015278940532696735 2.6299999999999684
8.398213768272778e-05 2.639999999999968
3.642927731450983e-05 2.649999999999968
9.031280700213059e-06 2.6599999999999677
1.003142854451465e-08 2.6699999999999675
7.0484298960786675e-06 2.6799999999999673
2.743885727058819e-05 2.689999999999967
5.823334468345804e-05 2.699999999999967
9.638891393537985e-05 2.7099999999999667
0.00013890240986492284 2.7199999999999664
0.0001829301584127561 2.7299999999999662
0.00022588889853957303 2.739999999999966
0.00026553559225325367 2.749999999999966
0.00030002486072530334 2.7599999999999656
0.00032794387741508007 2.7699999999999654
0.0003483255303381357 2.779999999999965
0.00036064151271740177 2.789999999999965
0.0003647776909649249 2.7999999999999647
0.0003609946172105423 2.8099999999999645
0.0003498763952994852 2.8199999999999643
0.0003322712774516043 2.829999999999964
0.00030922737401787995 2.839999999999964
0.00028192671747355707 2.8499999999999637
0.00025162065517451743 2.8599999999999635
0.00021956917801112152 2.8699999999999632
0.00018698635034899048 2.879999999999963
0.00015499351750524831 2.889999999999963
0.00012458145671082613 2.8999999999999626
9.658213049160117e-05 2.9099999999999624
7.165021940510803e-05 2.919999999999962
5.02541724612045e-05 2.929999999999962
3.267613286522399e-05 2.9399999999999618
1.901978440598066e-05 2.9499999999999615
9.22492621437937e-06 2.9599999999999613
3.0874231308609282e-06 2.969999999999961
2.830942880093035e-07 2.979999999999961
3.9408928446739257e-07 2.9899999999999607
2.9363523820031313e-06 2.9999999999999605
