0.01831563888873418 -3
0.01906120807549485 -2.99
0.019833159893548467 -2.9800000000000004
0.020632247800124653 -2.9700000000000006
0.02145923908008033 -2.960000000000001
0.022314914776966312 -2.950000000000001
0.02320006960729335 -2.9400000000000013
0.024115511857428933 -2.9300000000000015
0.025062063262558595 -2.9200000000000017
0.026040558867148542 -2.910000000000002
0.027051846866350187 -2.900000000000002
0.02809678842779284 -2.8900000000000023
0.029176257493216683 -2.8800000000000026
0.030291140559406033 -2.8700000000000028
0.031442336437890954 -2.860000000000003
0.032630755992895645 -2.850000000000003
0.0338573218570227 -2.8400000000000034
0.03512296812417474 -2.8300000000000036
0.03642864001922852 -2.820000000000004
0.037775293543991416 -2.810000000000004
0.039163895098986476 -2.8000000000000043
0.0405954210806296 -2.7900000000000045
0.04207085745338161 -2.7800000000000047
0.043591199296477846 -2.770000000000005
0.045157450324860085 -2.760000000000005
0.04677062238395811 -2.7500000000000053
0.04843173491799327 -2.7400000000000055
0.050141814411501937 -2.7300000000000058
0.05190189380380431 -2.720000000000006
0.0537130118761724 -2.710000000000006
0.05557621261148185 -2.7000000000000064
0.05749254452616327 -2.6900000000000066
0.0594630599743018 -2.680000000000007
0.06148881442376863 -2.670000000000007
0.06357086570430295 -2.6600000000000072
0.06571027322750125 -2.6500000000000075
0.0679080971787077 -2.6400000000000077
0.07016539768084139 -2.630000000000008
0.07248323393023459 -2.620000000000008
0.07486266330460148 -2.6100000000000083
0.07730474044329765 -2.6000000000000085
0.07981051630007743 -2.5900000000000087
0.0823810371686014 -2.580000000000009
0.08501734368099263 -2.570000000000009
0.08772046977978987 -2.5600000000000094
0.09049144166369323 -2.5500000000000096
0.09333127670754975 -2.54000000000001
0.09624098235707494 -2.53000000000001
0.09922155499886016 -2.5200000000000102
0.10227397880626667 -2.5100000000000104
0.10539922456186096 -2.5000000000000107
0.10859824845709941 -2.490000000000011
0.1118719908700245 -2.480000000000011
0.11522137512178962 -2.4700000000000113
0.11864730621288412 -2.4600000000000115
0.12215066953998588 -2.4500000000000117
0.12573232959442354 -2.440000000000012
0.1293931286432868 -2.430000000000012
0.13313388539427715 -2.4200000000000124
0.13695539364544831 -2.4100000000000126
0.14085842092103998 -2.400000000000013
0.14484370709466188 -2.390000000000013
0.14891196300114232 -2.380000000000013
0.15306386903840558 -2.3700000000000134
0.15730007376079788 -2.3600000000000136
0.1616211924653332 -2.350000000000014
0.16602780577238044 -2.340000000000014
0.17052045820236508 -2.3300000000000143
0.17509965675010666 -2.3200000000000145
0.17976586945846088 -2.3100000000000147
0.1845195239929821 -2.300000000000015
0.18936100621936675 -2.290000000000015
0.1942906587854805 -2.2800000000000153
0.19930877970981478 -2.2700000000000156
0.20441562097825589 -2.2600000000000158
0.20961138715108946 -2.250000000000016
0.2148962339821967 -2.240000000000016
0.22027026705243283 -2.2300000000000164
0.2257335404192077 -2.2200000000000166
0.2312860552843192 -2.210000000000017
0.23692775868211205 -2.200000000000017
0.24265854219006086 -2.1900000000000173
0.24847824066389396 -2.1800000000000175
0.2543866309993933 -2.1700000000000177
0.2603834309230182 -2.160000000000018
0.266468297813513 -2.150000000000018
0.2726408275566655 -2.1400000000000183
0.2789005534353881 -2.1300000000000185
0.28524694505729326 -2.1200000000000188
0.29167940732193426 -2.110000000000019
0.2981972794298748 -2.100000000000019
0.3047998339357404 -2.0900000000000194
0.31148627584739397 -2.0800000000000196
0.31825574177335725 -2.07000000000002
0.32510729912058195 -2.06000000000002
0.33203994534464654 -2.0500000000000203
0.3390526072544278 -2.0400000000000205
0.3461441403732639 -2.0300000000000207
0.3533133283585863 -2.020000000000021
0.3605588824819602 -2.010000000000021
0.3678794411714266 -2.0000000000000213
0.3752735696179915 -1.9900000000000213
0.3827397594480531 -1.9800000000000213
0.390276428463505 -1.9700000000000213
0.3978819204511884 -1.9600000000000213
0.40555450506330415 -1.9500000000000213
0.4132923777703276 -1.9400000000000213
0.4210936598878952 -1.9300000000000213
0.4289563986790562 -1.9200000000000212
0.4368785675332053 -1.9100000000000212
0.4448580662229241 -1.9000000000000212
0.45289272123987756 -1.8900000000000212
0.46098028621081644 -1.8800000000000212
0.4691184423946469 -1.8700000000000212
0.4773047992614284 -1.8600000000000212
0.48553689515406195 -1.8500000000000212
0.4938121980333286 -1.8400000000000212
0.5021281063068292 -1.8300000000000212
0.5104819497422716 -1.8200000000000212
0.5188709904654346 -1.8100000000000211
0.5272924240430307 -1.8000000000000211
0.5357433806505669 -1.7900000000000211
0.5442209263251895 -1.7800000000000211
0.5527220643033759 -1.7700000000000211
0.5612437364432169 -1.760000000000021
0.569782824730905 -1.750000000000021
0.5783361528709261 -1.740000000000021
0.5869004879593199 -1.730000000000021
0.5954725422392517 -1.720000000000021
0.6040489749380074 -1.710000000000021
0.612626394184398 -1.700000000000021
0.6212013590054327 -1.690000000000021
0.6297703814009852 -1.680000000000021
0.6383299284950571 -1.670000000000021
0.6468764247621119 -1.660000000000021
0.6554062543268226 -1.650000000000021
0.6639157633354557 -1.640000000000021
0.6724012623969849 -1.630000000000021
0.6808590290919071 -1.620000000000021
0.6892853105466087 -1.610000000000021
0.6976763260710135 -1.600000000000021
0.7060282698571222 -1.590000000000021
0.7143373137359401 -1.580000000000021
0.7225996099901764 -1.570000000000021
0.7308112942199868 -1.560000000000021
0.7389684882589272 -1.550000000000021
0.7470673031371788 -1.540000000000021
0.7551038420890068 -1.530000000000021
0.7630742036013195 -1.520000000000021
0.7709744845000989 -1.5100000000000209
0.7788007830713886 -1.5000000000000209
0.7865492022134389 -1.4900000000000209
0.7942158526165308 -1.4800000000000209
0.8017968559669256 -1.4700000000000208
0.8092883481713166 -1.4600000000000208
0.8166864825980955 -1.4500000000000208
0.8239874333316881 -1.4400000000000208
0.831187398436156 -1.4300000000000208
0.8382826032242189 -1.4200000000000208
0.8452693035278042 -1.4100000000000208
0.8521437889661971 -1.4000000000000208
0.8589023862078337 -1.3900000000000208
0.8655414622217523 -1.3800000000000208
0.8720574275147057 -1.3700000000000208
0.8784467393499182 -1.3600000000000207
0.8847059049434707 -1.3500000000000207
0.8908314846342963 -1.3400000000000207
0.8968200950237746 -1.3300000000000207
0.9026684120809301 -1.3200000000000207
0.9083731742092563 -1.3100000000000207
0.9139311852712169 -1.3000000000000207
0.9193393175665072 -1.2900000000000207
0.9245945147601999 -1.2800000000000207
0.929693794756944 -1.2700000000000207
0.9346342525174387 -1.2600000000000207
0.939413062813466 -1.2500000000000207
0.9440274829178262 -1.2400000000000206
0.9484748552255955 -1.2300000000000206
0.9527526098032023 -1.2200000000000206
0.9568582668619013 -1.2100000000000206
0.9607894391523153 -1.2000000000000206
0.9645438342768079 -1.1900000000000206
0.9681192569165556 -1.1800000000000206
0.9715136109702889 -1.1700000000000206
0.9747249016017875 -1.1600000000000206
0.9777512371933303 -1.1500000000000206
0.9805908312024227 -1.1400000000000206
0.9832420039192502 -1.1300000000000205
0.9857031841224381 -1.1200000000000205
0.9879729106308338 -1.1100000000000205
0.990049833749164 -1.1000000000000205
0.9919327166055675 -1.0900000000000205
0.9936204363791458 -1.0800000000000205
0.995111985415827 -1.0700000000000205
0.9964064722309909 -1.0600000000000205
0.9975031223974581 -1.0500000000000205
0.9984012793176047 -1.0400000000000205
0.9991004048785261 -1.0300000000000205
0.9996000799893335 -1.0200000000000204
0.9999000049998329 -1.0100000000000204
1.0 -1.0000000000000204
0.9999000049998338 -0.9900000000000204
0.9996000799893352 -0.9800000000000204
0.9991004048785286 -0.9700000000000204
0.9984012793176079 -0.9600000000000204
0.9975031223974622 -0.9500000000000204
0.9964064722309958 -0.9400000000000204
0.9951119854158327 -0.9300000000000204
0.9936204363791522 -0.9200000000000204
0.9919327166055748 -0.9100000000000203
0.9900498337491721 -0.9000000000000203
0.9879729106308427 -0.8900000000000203
0.9857031841224478 -0.8800000000000203
0.9832420039192606 -0.8700000000000203
0.980590831202434 -0.8600000000000203
0.9777512371933423 -0.8500000000000203
0.9747249016018003 -0.8400000000000203
0.9715136109703024 -0.8300000000000203
0.9681192569165699 -0.8200000000000203
0.9645438342768229 -0.8100000000000203
0.960789439152331 -0.8000000000000203
0.9568582668619178 -0.7900000000000202
0.9527526098032194 -0.7800000000000202
0.9484748552256134 -0.7700000000000202
0.9440274829178448 -0.7600000000000202
0.9394130628134852 -0.7500000000000202
0.9346342525174586 -0.7400000000000202
0.9296937947569646 -0.7300000000000202
0.9245945147602211 -0.7200000000000202
0.919339317566529 -0.7100000000000202
0.9139311852712393 -0.7000000000000202
0.9083731742092793 -0.6900000000000202
0.9026684120809537 -0.6800000000000201
0.8968200950237988 -0.6700000000000201
0.890831484634321 -0.6600000000000201
0.884705904943496 -0.6500000000000201
0.878446739349944 -0.6400000000000201
0.8720574275147321 -0.6300000000000201
0.8655414622217792 -0.6200000000000201
0.8589023862078611 -0.6100000000000201
0.852143788966225 -0.6000000000000201
0.8452693035278325 -0.5900000000000201
0.8382826032242476 -0.58000000000002
0.8311873984361852 -0.57000000000002
0.8239874333317176 -0.56000000000002
0.8166864825981256 -0.55000000000002
0.809288348171347 -0.54000000000002
0.8017968559669564 -0.53000000000002
0.7942158526165619 -0.52000000000002
0.7865492022134704 -0.51000000000002
0.7788007830714204 -0.50000000000002
0.7709744845001311 -0.49000000000002
0.7630742036013519 -0.48000000000001997
0.7551038420890396 -0.47000000000001996
0.7470673031372118 -0.46000000000001995
0.7389684882589604 -0.45000000000001994
0.7308112942200202 -0.44000000000001993
0.72259960999021 -0.4300000000000199
0.714337313735974 -0.4200000000000199
0.7060282698571563 -0.4100000000000199
0.6976763260710477 -0.4000000000000199
0.6892853105466431 -0.3900000000000199
0.6808590290919416 -0.3800000000000199
0.6724012623970196 -0.37000000000001987
0.6639157633354904 -0.36000000000001986
0.6554062543268574 -0.35000000000001985
0.6468764247621468 -0.34000000000001984
0.6383299284950921 -0.33000000000001983
0.6297703814010202 -0.3200000000000198
0.6212013590054678 -0.3100000000000198
0.6126263941844331 -0.3000000000000198
0.6040489749380423 -0.2900000000000198
0.5954725422392868 -0.2800000000000198
0.5869004879593549 -0.2700000000000198
0.578336152870961 -0.26000000000001977
0.5697828247309399 -0.25000000000001976
0.5612437364432518 -0.24000000000001975
0.5527220643034108 -0.23000000000001974
0.5442209263252241 -0.22000000000001974
0.5357433806506015 -0.21000000000001973
0.5272924240430652 -0.20000000000001972
0.5188709904654689 -0.1900000000000197
0.5104819497423058 -0.1800000000000197
0.5021281063068633 -0.1700000000000197
0.49381219803336246 -0.16000000000001968
0.4855368951540957 -0.15000000000001967
0.4773047992614619 -0.14000000000001966
0.4691184423946802 -0.13000000000001966
0.4609802862108495 -0.12000000000001966
0.4528927212399105 -0.11000000000001967
0.44485806622295687 -0.10000000000001967
0.4368785675332378 -0.09000000000001968
0.4289563986790886 -0.08000000000001968
0.42109365988792724 -0.07000000000001969
0.4132923777703595 -0.06000000000001968
0.40555450506333574 -0.05000000000001968
0.3978819204512197 -0.04000000000001968
0.39027642846353605 -0.030000000000019678
0.38273975944808386 -0.020000000000019676
0.37527356961802194 -0.010000000000019675
0.36787944117145677 -1.9675233664528946e-14
0.36055888248199003 0.009999999999980325
0.35331332835861556 0.019999999999980325
0.3461441403732927 0.029999999999980327
0.33905260725445613 0.03999999999998033
0.3320399453446744 0.04999999999998033
0.3251072991206094 0.05999999999998033
0.31825574177338417 0.06999999999998033
0.3114862758474204 0.07999999999998032
0.3047998339357664 0.08999999999998032
0.2981972794299003 0.09999999999998031
0.29167940732195924 0.10999999999998031
0.28524694505731774 0.1199999999999803
0.2789005534354122 0.1299999999999803
0.27264082755668917 0.1399999999999803
0.26646829781353615 0.14999999999998032
0.2603834309230409 0.15999999999998032
0.2543866309994155 0.16999999999998033
0.2484782406639157 0.17999999999998034
0.24265854219008212 0.18999999999998035
0.23692775868213287 0.19999999999998036
0.2312860552843396 0.20999999999998037
0.22573354041922766 0.21999999999998038
0.2202702670524523 0.2299999999999804
0.2148962339822158 0.2399999999999804
0.20961138715110805 0.2499999999999804
0.20441562097827404 0.2599999999999804
0.19930877970983252 0.2699999999999804
0.19429065878549784 0.27999999999998043
0.18936100621938365 0.28999999999998044
0.18451952399299862 0.29999999999998045
0.179765869458477 0.30999999999998046
0.17509965675012237 0.31999999999998047
0.17052045820238038 0.3299999999999805
0.16602780577239531 0.3399999999999805
0.16162119246534776 0.3499999999999805
0.15730007376081206 0.3599999999999805
0.15306386903841937 0.3699999999999805
0.14891196300115575 0.3799999999999805
0.14484370709467492 0.38999999999998053
0.14085842092105266 0.39999999999998054
0.13695539364546067 0.40999999999998055
0.13313388539428916 0.41999999999998056
0.1293931286432985 0.42999999999998056
0.12573232959443487 0.4399999999999806
0.1221506695399969 0.4499999999999806
0.11864730621289482 0.4599999999999806
0.11522137512180002 0.4699999999999806
0.11187199087003459 0.4799999999999806
0.1085982484571092 0.4899999999999806
0.10539922456187042 0.4999999999999806
0.10227397880627584 0.5099999999999806
0.09922155499886914 0.5199999999999806
0.09624098235708357 0.5299999999999806
0.09333127670755816 0.5399999999999806
0.09049144166370131 0.5499999999999806
0.08772046977979774 0.5599999999999806
0.08501734368100022 0.5699999999999806
0.0823810371686088 0.5799999999999806
0.07981051630008452 0.5899999999999807
0.07730474044330454 0.5999999999999807
0.07486266330460813 0.6099999999999807
0.07248323393024107 0.6199999999999807
0.07016539768084759 0.6299999999999807
0.06790809717871374 0.6399999999999807
0.06571027322750703 0.6499999999999807
0.0635708657043086 0.6599999999999807
0.061488814423774005 0.6699999999999807
0.05946305997430705 0.6799999999999807
0.057492544526168275 0.6899999999999807
0.055576212611486736 0.6999999999999807
0.05371301187617706 0.7099999999999808
0.05190189380380883 0.7199999999999808
0.05014181441150625 0.7299999999999808
0.04843173491799747 0.7399999999999808
0.04677062238396212 0.7499999999999808
0.04515745032486398 0.7599999999999808
0.04359119929648156 0.7699999999999808
0.0420708574533852 0.7799999999999808
0.04059542108063303 0.7899999999999808
0.03916389509898979 0.7999999999999808
0.03777529354399457 0.8099999999999808
0.03642864001923157 0.8199999999999809
0.03512296812417766 0.8299999999999809
0.03385732185702553 0.8399999999999809
0.03263075599289832 0.8499999999999809
0.03144233643789355 0.8599999999999809
0.030291140559408493 0.8699999999999809
0.029176257493219067 0.8799999999999809
0.028096788427795095 0.8899999999999809
0.027051846866352383 0.8999999999999809
0.026040558867150624 0.9099999999999809
0.02506206326256061 0.9199999999999809
0.024115511857430827 0.929999999999981
0.023200069607295194 0.939999999999981
0.022314914776968058 0.949999999999981
0.02145923908008201 0.959999999999981
0.02063224780012625 0.969999999999981
0.01983315989355 0.979999999999981
0.019061208075496303 0.989999999999981
0.01831563888873558 0.999999999999981
0.017595712756367593 1.009999999999981
0.016900704018862425 1.019999999999981
0.016229900956008476 1.029999999999981
0.015582605794335718 1.039999999999981
0.01495813470057865 1.049999999999981
0.01435581776174074 1.059999999999981
0.01377499895231815 1.069999999999981
0.013215036089235892 1.079999999999981
0.012675300775044092 1.089999999999981
0.012155178329915908 1.099999999999981
0.011654067712982321 1.109999999999981
0.011171381433531725 1.119999999999981
0.01070654545259453 1.129999999999981
0.010258999075424522 1.139999999999981
0.009828194835380492 1.149999999999981
0.00941359836970241 1.159999999999981
0.009014688287666515 1.169999999999981
0.008630956031594493 1.179999999999981
0.008261905731180989 1.189999999999981
0.007907054051594102 1.199999999999981
0.007565930035791765 1.209999999999981
0.007238074941486735 1.219999999999981
0.006923042073181135 1.229999999999981
0.00662039660968061 1.2399999999999811
0.006329715427486275 1.2499999999999811
0.006050586920451027 1.2599999999999811
0.005782610816075144 1.2699999999999811
0.005525397988804403 1.2799999999999812
0.005278570270681675 1.2899999999999812
0.005041760259691418 1.2999999999999812
0.004814611126124392 1.3099999999999812
0.004596776417278275 1.3199999999999812
0.004387919860797635 1.3299999999999812
0.004187715166945269 1.3399999999999812
0.003995845830084991 1.3499999999999812
0.0038120049296444963 1.3599999999999812
0.0036358949308153013 1.3699999999999812
0.003467227485235302 1.3799999999999812
0.0033057232318884386 1.3899999999999813
0.0031511115984447237 1.3999999999999813
0.003003130603252988 1.4099999999999813
0.0028615266581878424 1.4199999999999813
0.0027260543725419503 1.4299999999999813
0.0025964763581442334 1.4399999999999813
0.0024725630358744164 1.4499999999999813
0.0023540924437344423 1.4599999999999813
0.002240850046627453 1.4699999999999813
0.0021326285479856787 1.4799999999999813
0.0020292277033791056 1.4899999999999813
0.0019304541362278893 1.4999999999999813
0.0018361211557325955 1.5099999999999814
0.0017460485771279189 1.5199999999999814
0.0016600625443570945 1.5299999999999814
0.0015779953552562257 1.5399999999999814
0.0014996852893299907 1.5499999999999814
0.0014249764381926015 1.5599999999999814
0.001353718538740648 1.5699999999999814
0.0012857668091173652 1.5799999999999814
0.001220981787521158 1.5899999999999814
0.0011592291739047026 1.5999999999999814
0.0011003796746046279 1.6099999999999814
0.0010443088499357813 1.6199999999999815
0.000990896964778382 1.6299999999999815
0.0009400288421807788 1.6399999999999815
0.0008915937199953059 1.6499999999999815
0.0008454851105596655 1.6599999999999815
0.0008016006634315073 1.6699999999999815
0.0007598420311793155 1.6799999999999815
0.0007201147382283688 1.6899999999999815
0.0006823280527564445 1.6999999999999815
0.0006463948616300644 1.7099999999999815
0.0006122315483684246 1.7199999999999815
0.0005797578741186803 1.7299999999999816
0.0005488968616230151 1.7399999999999816
0.000519574682154892 1.7499999999999816
0.0004917205453990321 1.7599999999999816
0.0004652665922470057 1.7699999999999816
0.0004401477904778375 1.7799999999999816
0.00041630183329076 1.7899999999999816
0.00039366904065511884 1.7999999999999816
0.00037219226344047465 1.8099999999999816
0.0003518167902881724 1.8199999999999816
0.00033249025718401005 1.8299999999999816
0.0003141625596901711 1.8399999999999817
0.00029678576779324124 1.8499999999999817
0.000280314043323937 1.8599999999999817
0.0002647035599031197 1.8699999999999817
0.00024991242536774865 1.8799999999999817
0.0002359006066296018 1.8899999999999817
0.0002226298569189127 1.8999999999999817
0.00021006364536450435 1.9099999999999817
0.00019816708886152736 1.9199999999999817
0.00018690688617753966 1.9299999999999817
0.00017625125424740337 1.9399999999999817
0.00016616986660729566 1.9499999999999817
0.00015663379391804292 1.9599999999999818
0.0001476154465279791 1.9699999999999818
0.00013908851902559835 1.9799999999999818
0.00013102793673241899 1.9899999999999818
0.00012340980408669292 1.9999999999999818
0.00011621135486886523 2.0099999999999816
0.0001094109042200214 2.0199999999999814
0.00010298780240497598 2.029999999999981
9.692239027207132e-05 2.039999999999981
9.119595636227674e-05 2.0499999999999807
8.579069562069913e-05 2.0599999999999805
8.068966966420637e-05 2.0699999999999803
7.587676855947797e-05 2.07999999999998
7.13366740664522e-05 2.08999999999998
6.705482430281958e-05 2.0999999999999797
6.30173797859274e-05 2.1099999999999794
5.921119080919512e-05 2.1199999999999792
5.562376611089921e-05 2.129999999999979
5.2243242793967054e-05 2.139999999999979
4.9058357456214344e-05 2.1499999999999786
4.605841849127226e-05 2.1599999999999784
4.323327952127454e-05 2.169999999999978
4.057331392320758e-05 2.179999999999978
3.8069390411670804e-05 2.1899999999999777
3.571284964164035e-05 2.1999999999999775
3.3495481795685376e-05 2.2099999999999773
3.140950512093813e-05 2.219999999999977
2.9447545381978315e-05 2.229999999999977
2.7602616196646904e-05 2.2399999999999767
2.5868100222658074e-05 2.2499999999999765
2.4237731163729637e-05 2.2599999999999763
2.2705576564797032e-05 2.269999999999976
2.126602136671668e-05 2.279999999999976
1.991375219169683e-05 2.2899999999999756
1.8643742331519867e-05 2.2999999999999754
1.7451237411435718e-05 2.309999999999975
1.633174170341268e-05 2.319999999999975
1.5281005063227583e-05 2.3299999999999748
1.429501046666231e-05 2.3399999999999745
1.3369962120846106e-05 2.3499999999999743
1.2502274127543564e-05 2.359999999999974
1.1688559675935136e-05 2.369999999999974
1.0925620743171274e-05 2.3799999999999737
1.0210438281700987e-05 2.3899999999999735
9.540162873080976e-06 2.3999999999999733
8.912105828663507e-06 2.409999999999973
8.323730718236624e-06 2.419999999999973
7.77264530835217e-06 2.4299999999999726
7.256593892723502e-06 2.4399999999999724
6.7734499977050484e-06 2.449999999999972
6.321209446482016e-06 2.459999999999972
5.897983766198377e-06 2.4699999999999718
5.501993922835776e-06 2.4799999999999716
5.131564369225627e-06 2.4899999999999713
4.785117392129978e-06 2.499999999999971
4.461167744865398e-06 2.509999999999971
4.158317552467519e-06 2.5199999999999707
3.875251476901523e-06 2.5299999999999705
3.61073213031734e-06 2.5399999999999703
3.363595724826352e-06 2.54999999999997
3.1327479477400045e-06 2.55999999999997
2.917160051659915e-06 2.5699999999999696
2.7158651492438195e-06 2.5799999999999694
2.527954702892571e-06 2.589999999999969
2.3525752000102973e-06 2.599999999999969
2.1889250048833368e-06 2.609999999999969
2.0362513786035854e-06 2.6199999999999686
1.8938476588289688e-06 2.6299999999999684
1.7610505915279239e-06 2.639999999999968
1.6372378071965794e-06 2.649999999999968
1.521825434366734e-06 2.6599999999999677
1.4142658435402916e-06 2.6699999999999675
1.3140455149916219e-06 2.6799999999999673
1.2206830241738263e-06 2.689999999999967
1.1337271387482442e-06 2.699999999999967
1.0527550215290666e-06 2.7099999999999667
9.7737053389708e-07 2.7199999999999664
9.072026344882898e-07 2.7299999999999662
8.419038682051912e-07 2.739999999999966
7.811489408306489e-07 2.749999999999966
7.246333747473223e-07 2.7599999999999656
6.720722414793884e-07 2.7699999999999654
6.231989669783891e-07 2.779999999999965
5.777642057715796e-07 2.789999999999965
5.355347802794545e-07 2.7999999999999647
4.962926817894919e-07 2.8099999999999645
4.598341297457915e-07 2.8199999999999643
4.259686861794793e-07 2.829999999999964
3.945184222627955e-07 2.839999999999964
3.653171341208531e-07 2.8499999999999637
3.3820960517948004e-07 2.8599999999999635
3.1305091246550007e-07 2.8699999999999632
2.897057744076006e-07 2.879999999999963
2.680479378116716e-07 2.889999999999963
2.479596018045754e-07 2.8999999999999626
2.2933087665477598e-07 2.9099999999999624
2.120592754874443e-07 2.919999999999962
1.9604923701573567e-07 2.929999999999962
1.8121167750908034e-07 2.9399999999999618
1.6746357031379992e-07 2.9499999999999615
1.547275513312717e-07 2.9599999999999613
1.4293154894447583e-07 2.969999999999961
1.3200843696518525e-07 2.979999999999961
1.2189570925152948e-07 2.9899999999999607
1.1253517471929469e-07 2.9999999999999605
