1.1253517471925912e-07 -3
1.2189570925149115e-07 -2.99
1.320084369651435e-07 -2.9800000000000004
1.4293154894443088e-07 -2.9700000000000006
1.5472755133122333e-07 -2.960000000000001
1.6746357031374757e-07 -2.950000000000001
1.8121167750902367e-07 -2.9400000000000013
1.960492370156747e-07 -2.9300000000000015
2.1205927548737876e-07 -2.9200000000000017
2.293308766547051e-07 -2.910000000000002
2.479596018044988e-07 -2.900000000000002
2.6804793781158875e-07 -2.8900000000000023
2.897057744075116e-07 -2.8800000000000026
3.130509124654044e-07 -2.8700000000000028
3.382096051793767e-07 -2.860000000000003
3.6531713412074214e-07 -2.850000000000003
3.945184222626756e-07 -2.8400000000000034
4.259686861793507e-07 -2.8300000000000036
4.5983412974565264e-07 -2.820000000000004
4.96292681789343e-07 -2.810000000000004
5.355347802792928e-07 -2.8000000000000043
5.777642057714061e-07 -2.7900000000000045
6.231989669782031e-07 -2.7800000000000047
6.720722414791879e-07 -2.770000000000005
7.246333747471073e-07 -2.760000000000005
7.811489408304186e-07 -2.7500000000000053
8.419038682049429e-07 -2.7400000000000055
9.072026344880224e-07 -2.7300000000000058
9.773705338967918e-07 -2.720000000000006
1.052755021528758e-06 -2.710000000000006
1.133727138747912e-06 -2.7000000000000064
1.2206830241734707e-06 -2.6900000000000066
1.314045514991239e-06 -2.680000000000007
1.414265843539882e-06 -2.670000000000007
1.5218254343662934e-06 -2.6600000000000072
1.6372378071961055e-06 -2.6500000000000075
1.7610505915274171e-06 -2.6400000000000077
1.893847658828427e-06 -2.630000000000008
2.036251378603003e-06 -2.620000000000008
2.188925004882711e-06 -2.6100000000000083
2.352575200009629e-06 -2.6000000000000085
2.527954702891853e-06 -2.5900000000000087
2.7158651492430525e-06 -2.580000000000009
2.917160051659091e-06 -2.570000000000009
3.1327479477391252e-06 -2.5600000000000094
3.363595724825408e-06 -2.5500000000000096
3.6107321303163265e-06 -2.54000000000001
3.8752514769004356e-06 -2.53000000000001
4.158317552466359e-06 -2.5200000000000102
4.461167744864162e-06 -2.5100000000000104
4.785117392128652e-06 -2.5000000000000107
5.131564369224214e-06 -2.490000000000011
5.50199392283426e-06 -2.480000000000011
5.897983766196753e-06 -2.4700000000000113
6.321209446480287e-06 -2.4600000000000115
6.773449997703196e-06 -2.4500000000000117
7.25659389272153e-06 -2.440000000000012
7.772645308350071e-06 -2.430000000000012
8.323730718234376e-06 -2.4200000000000124
8.912105828661117e-06 -2.4100000000000126
9.540162873078399e-06 -2.400000000000013
1.0210438281698247e-05 -2.390000000000013
1.0925620743168362e-05 -2.380000000000013
1.168855967593202e-05 -2.3700000000000134
1.2502274127540234e-05 -2.3600000000000136
1.3369962120842567e-05 -2.350000000000014
1.4295010466658525e-05 -2.340000000000014
1.5281005063223564e-05 -2.3300000000000143
1.6331741703408388e-05 -2.3200000000000145
1.745123741143116e-05 -2.3100000000000147
1.8643742331514998e-05 -2.300000000000015
1.9913752191691665e-05 -2.290000000000015
2.1266021366711165e-05 -2.2800000000000153
2.2705576564791184e-05 -2.2700000000000156
2.4237731163723396e-05 -2.2600000000000158
2.5868100222651457e-05 -2.250000000000016
2.7602616196639843e-05 -2.240000000000016
2.9447545381970783e-05 -2.2300000000000164
3.140950512093009e-05 -2.2200000000000166
3.3495481795676865e-05 -2.210000000000017
3.571284964163134e-05 -2.200000000000017
3.8069390411661195e-05 -2.1900000000000173
4.0573313923197413e-05 -2.1800000000000175
4.323327952126371e-05 -2.1700000000000177
4.605841849126072e-05 -2.160000000000018
4.905835745620206e-05 -2.150000000000018
5.224324279395406e-05 -2.1400000000000183
5.562376611088548e-05 -2.1300000000000185
5.92111908091806e-05 -2.1200000000000188
6.301737978591194e-05 -2.110000000000019
6.705482430280315e-05 -2.100000000000019
7.133667406643472e-05 -2.0900000000000194
7.58767685594595e-05 -2.0800000000000196
8.068966966418673e-05 -2.07000000000002
8.579069562067841e-05 -2.06000000000002
9.119595636225488e-05 -2.0500000000000203
9.692239027204808e-05 -2.0400000000000205
0.00010298780240495129 -2.0300000000000207
0.00010941090421999536 -2.020000000000021
0.00011621135486883757 -2.010000000000021
0.00012340980408666376 -2.0000000000000213
0.00013102793673238757 -1.9900000000000213
0.00013908851902556547 -1.9800000000000213
0.00014761544652794502 -1.9700000000000213
0.0001566337939180062 -1.9600000000000213
0.0001661698666072564 -1.9500000000000213
0.00017625125424736236 -1.9400000000000213
0.00018690688617749684 -1.9300000000000213
0.00019816708886148194 -1.9200000000000212
0.00021006364536445583 -1.9100000000000212
0.0002226298569188617 -1.9000000000000212
0.00023590060662954858 -1.8900000000000212
0.00024991242536769184 -1.8800000000000212
0.00026470355990305906 -1.8700000000000212
0.0002803140433238737 -1.8600000000000212
0.0002967857677931754 -1.8500000000000212
0.00031416255969010025 -1.8400000000000212
0.0003324902571839344 -1.8300000000000212
0.00035181679028809394 -1.8200000000000212
0.0003721922634403927 -1.8100000000000211
0.0003936690406550318 -1.8000000000000211
0.0004163018332906672 -1.7900000000000211
0.0004401477904777405 -1.7800000000000211
0.0004652665922469049 -1.7700000000000211
0.0004917205453989247 -1.760000000000021
0.0005195746821547776 -1.750000000000021
0.0005488968616228961 -1.740000000000021
0.0005797578741185562 -1.730000000000021
0.000612231548368293 -1.720000000000021
0.0006463948616299243 -1.710000000000021
0.0006823280527562991 -1.700000000000021
0.0007201147382282172 -1.690000000000021
0.0007598420311791541 -1.680000000000021
0.0008016006634313364 -1.670000000000021
0.0008454851105594882 -1.660000000000021
0.0008915937199951213 -1.650000000000021
0.0009400288421805826 -1.640000000000021
0.0009908969647781734 -1.630000000000021
0.0010443088499355652 -1.620000000000021
0.001100379674604403 -1.610000000000021
0.0011592291739044647 -1.600000000000021
0.0012209817875209043 -1.590000000000021
0.0012857668091171026 -1.580000000000021
0.0013537185387403764 -1.570000000000021
0.0014249764381923128 -1.560000000000021
0.0014996852893296843 -1.550000000000021
0.001577995355255909 -1.540000000000021
0.0016600625443567657 -1.530000000000021
0.0017460485771275715 -1.520000000000021
0.0018361211557322268 -1.5100000000000209
0.001930454136227507 -1.5000000000000209
0.002029227703378711 -1.4900000000000209
0.00213262854798526 -1.4800000000000209
0.0022408500466270112 -1.4700000000000208
0.0023540924437339844 -1.4600000000000208
0.002472563035873944 -1.4500000000000208
0.0025964763581437303 -1.4400000000000208
0.0027260543725414203 -1.4300000000000208
0.002861526658187294 -1.4200000000000208
0.0030031306032524225 -1.4100000000000208
0.003151111598444125 -1.4000000000000208
0.0033057232318878045 -1.3900000000000208
0.003467227485234649 -1.3800000000000208
0.0036358949308146296 -1.3700000000000208
0.003812004929643785 -1.3600000000000207
0.003995845830084239 -1.3500000000000207
0.004187715166944495 -1.3400000000000207
0.004387919860796835 -1.3300000000000207
0.004596776417277429 -1.3200000000000207
0.004814611126123503 -1.3100000000000207
0.0050417602596905 -1.3000000000000207
0.005278570270680733 -1.2900000000000207
0.005525397988803408 -1.2800000000000207
0.005782610816074096 -1.2700000000000207
0.0060505869204499465 -1.2600000000000207
0.0063297154274851615 -1.2500000000000207
0.00662039660967944 -1.2400000000000206
0.006923042073179899 -1.2300000000000206
0.007238074941485468 -1.2200000000000206
0.007565930035790461 -1.2100000000000206
0.007907054051592725 -1.2000000000000206
0.008261905731179544 -1.1900000000000206
0.008630956031593006 -1.1800000000000206
0.009014688287664985 -1.1700000000000206
0.009413598369700796 -1.1600000000000206
0.009828194835378808 -1.1500000000000206
0.010258999075422782 -1.1400000000000206
0.010706545452592751 -1.1300000000000205
0.01117138143352986 -1.1200000000000205
0.011654067712980354 -1.1100000000000205
0.012155178329913889 -1.1000000000000205
0.01267530077504202 -1.0900000000000205
0.01321503608923372 -1.0800000000000205
0.013774998952315874 -1.0700000000000205
0.014355817761738407 -1.0600000000000205
0.014958134700576246 -1.0500000000000205
0.0155826057943332 -1.0400000000000205
0.016229900956005835 -1.0300000000000205
0.016900704018859725 -1.0200000000000204
0.017595712756364824 -1.0100000000000204
0.018315638888732683 -1.0000000000000204
0.019061208075493316 -0.9900000000000204
0.0198331598935469 -0.9800000000000204
0.02063224780012305 -0.9700000000000204
0.02145923908007868 -0.9600000000000204
0.022314914776964626 -0.9500000000000204
0.02320006960729164 -0.9400000000000204
0.024115511857427177 -0.9300000000000204
0.025062063262556805 -0.9200000000000204
0.026040558867146714 -0.9100000000000203
0.027051846866348324 -0.9000000000000203
0.02809678842779093 -0.8900000000000203
0.029176257493214727 -0.8800000000000203
0.03029114055940404 -0.8700000000000203
0.03144233643788893 -0.8600000000000203
0.032630755992893584 -0.8500000000000203
0.033857321857020596 -0.8400000000000203
0.0351229681241726 -0.8300000000000203
0.036428640019226334 -0.8200000000000203
0.0377752935439892 -0.8100000000000203
0.039163895098984214 -0.8000000000000203
0.04059542108062731 -0.7900000000000202
0.042070857453379275 -0.7800000000000202
0.04359119929647548 -0.7700000000000202
0.045157450324857705 -0.7600000000000202
0.046770622383955684 -0.7500000000000202
0.0484317349179908 -0.7400000000000202
0.05014181441149944 -0.7300000000000202
0.05190189380380177 -0.7200000000000202
0.05371301187616983 -0.7100000000000202
0.05557621261147926 -0.7000000000000202
0.05749254452616064 -0.6900000000000202
0.059463059974299154 -0.6800000000000201
0.06148881442376592 -0.6700000000000201
0.06357086570430025 -0.6600000000000201
0.0657102732274985 -0.6500000000000201
0.06790809717870493 -0.6400000000000201
0.07016539768083858 -0.6300000000000201
0.0724832339302318 -0.6200000000000201
0.07486266330459865 -0.6100000000000201
0.07730474044329476 -0.6000000000000201
0.07981051630007457 -0.5900000000000201
0.08238103716859851 -0.58000000000002
0.08501734368098973 -0.57000000000002
0.08772046977978694 -0.56000000000002
0.0904914416636903 -0.55000000000002
0.0933312767075468 -0.54000000000002
0.09624098235707199 -0.53000000000002
0.09922155499885721 -0.52000000000002
0.10227397880626372 -0.51000000000002
0.10539922456185802 -0.50000000000002
0.10859824845709647 -0.49000000000002
0.11187199087002157 -0.48000000000001997
0.11522137512178665 -0.47000000000001996
0.11864730621288118 -0.46000000000001995
0.12215066953998295 -0.45000000000001994
0.12573232959442063 -0.44000000000001993
0.12939312864328395 -0.4300000000000199
0.13313388539427432 -0.4200000000000199
0.1369553936454455 -0.4100000000000199
0.14085842092103715 -0.4000000000000199
0.1448437070946591 -0.3900000000000199
0.14891196300113957 -0.3800000000000199
0.15306386903840288 -0.37000000000001987
0.15730007376079522 -0.36000000000001986
0.1616211924653306 -0.35000000000001985
0.16602780577237786 -0.34000000000001984
0.17052045820236256 -0.33000000000001983
0.17509965675010422 -0.3200000000000198
0.1797658694584585 -0.3100000000000198
0.18451952399297977 -0.3000000000000198
0.18936100621936447 -0.2900000000000198
0.1942906587854783 -0.2800000000000198
0.19930877970981267 -0.2700000000000198
0.2044156209782538 -0.26000000000001977
0.20961138715108749 -0.25000000000001976
0.21489623398219485 -0.24000000000001975
0.22027026705243102 -0.23000000000001974
0.225733540419206 -0.22000000000001974
0.23128605528431762 -0.21000000000001973
0.23692775868211055 -0.20000000000001972
0.2426585421900594 -0.1900000000000197
0.24847824066389262 -0.1800000000000197
0.2543866309993921 -0.1700000000000197
0.26038343092301713 -0.16000000000001968
0.26646829781351206 -0.15000000000001967
0.2726408275566647 -0.14000000000001966
0.27890055343538744 -0.13000000000001966
0.28524694505729264 -0.12000000000001966
0.29167940732193387 -0.11000000000001967
0.29819727942987445 -0.10000000000001967
0.3047998339357402 -0.09000000000001968
0.31148627584739397 -0.08000000000001968
0.3182557417733574 -0.07000000000001969
0.32510729912058234 -0.06000000000001968
0.332039945344647 -0.05000000000001968
0.33905260725442843 -0.04000000000001968
0.3461441403732645 -0.030000000000019678
0.3533133283585871 -0.020000000000019676
0.36055888248196116 -0.010000000000019675
0.3678794411714278 -1.9675233664528946e-14
0.37527356961799274 0.009999999999980325
0.3827397594480544 0.019999999999980325
0.3902764284635063 0.029999999999980327
0.3978819204511896 0.03999999999998033
0.40555450506330537 0.04999999999998033
0.4132923777703289 0.05999999999998033
0.42109365988789643 0.06999999999998033
0.42895639867905744 0.07999999999998032
0.43687856753320653 0.08999999999998032
0.4448580662229254 0.09999999999998031
0.4528927212398788 0.10999999999998031
0.46098028621081766 0.1199999999999803
0.4691184423946481 0.1299999999999803
0.47730479926142966 0.1399999999999803
0.48553689515406323 0.14999999999998032
0.4938121980333298 0.15999999999998032
0.5021281063068305 0.16999999999998033
0.5104819497422729 0.17999999999998034
0.5188709904654359 0.18999999999998035
0.527292424043032 0.19999999999998036
0.5357433806505681 0.20999999999998037
0.5442209263251908 0.21999999999998038
0.5527220643033773 0.2299999999999804
0.5612437364432182 0.2399999999999804
0.5697828247309064 0.2499999999999804
0.5783361528709273 0.2599999999999804
0.5869004879593213 0.2699999999999804
0.595472542239253 0.27999999999998043
0.6040489749380086 0.28999999999998044
0.6126263941843993 0.29999999999998045
0.621201359005434 0.30999999999998046
0.6297703814009865 0.31999999999998047
0.6383299284950584 0.3299999999999805
0.6468764247621133 0.3399999999999805
0.655406254326824 0.3499999999999805
0.663915763335457 0.3599999999999805
0.6724012623969863 0.3699999999999805
0.6808590290919084 0.3799999999999805
0.68928531054661 0.38999999999998053
0.6976763260710148 0.39999999999998054
0.7060282698571235 0.40999999999998055
0.7143373137359414 0.41999999999998056
0.7225996099901776 0.42999999999998056
0.730811294219988 0.4399999999999806
0.7389684882589285 0.4499999999999806
0.7470673031371801 0.4599999999999806
0.755103842089008 0.4699999999999806
0.7630742036013207 0.4799999999999806
0.7709744845001002 0.4899999999999806
0.7788007830713898 0.4999999999999806
0.78654920221344 0.5099999999999806
0.7942158526165319 0.5199999999999806
0.8017968559669267 0.5299999999999806
0.8092883481713177 0.5399999999999806
0.8166864825980966 0.5499999999999806
0.8239874333316891 0.5599999999999806
0.831187398436157 0.5699999999999806
0.8382826032242199 0.5799999999999806
0.8452693035278052 0.5899999999999807
0.8521437889661981 0.5999999999999807
0.8589023862078347 0.6099999999999807
0.8655414622217532 0.6199999999999807
0.8720574275147066 0.6299999999999807
0.8784467393499191 0.6399999999999807
0.8847059049434716 0.6499999999999807
0.8908314846342972 0.6599999999999807
0.8968200950237755 0.6699999999999807
0.902668412080931 0.6799999999999807
0.9083731742092571 0.6899999999999807
0.9139311852712176 0.6999999999999807
0.919339317566508 0.7099999999999808
0.9245945147602007 0.7199999999999808
0.9296937947569447 0.7299999999999808
0.9346342525174394 0.7399999999999808
0.9394130628134668 0.7499999999999808
0.9440274829178269 0.7599999999999808
0.9484748552255962 0.7699999999999808
0.952752609803203 0.7799999999999808
0.956858266861902 0.7899999999999808
0.9607894391523158 0.7999999999999808
0.9645438342768083 0.8099999999999808
0.9681192569165561 0.8199999999999809
0.9715136109702894 0.8299999999999809
0.9747249016017879 0.8399999999999809
0.9777512371933308 0.8499999999999809
0.9805908312024231 0.8599999999999809
0.9832420039192505 0.8699999999999809
0.9857031841224385 0.8799999999999809
0.9879729106308341 0.8899999999999809
0.9900498337491643 0.8999999999999809
0.9919327166055678 0.9099999999999809
0.993620436379146 0.9199999999999809
0.9951119854158271 0.929999999999981
0.9964064722309911 0.939999999999981
0.9975031223974582 0.949999999999981
0.9984012793176048 0.959999999999981
0.9991004048785261 0.969999999999981
0.9996000799893336 0.979999999999981
0.999900004999833 0.989999999999981
1.0 0.999999999999981
0.9999000049998337 1.009999999999981
0.9996000799893352 1.019999999999981
0.9991004048785285 1.029999999999981
0.9984012793176078 1.039999999999981
0.997503122397462 1.049999999999981
0.9964064722309957 1.059999999999981
0.9951119854158325 1.069999999999981
0.9936204363791521 1.079999999999981
0.9919327166055746 1.089999999999981
0.9900498337491718 1.099999999999981
0.9879729106308424 1.109999999999981
0.9857031841224475 1.119999999999981
0.9832420039192603 1.129999999999981
0.9805908312024336 1.139999999999981
0.9777512371933419 1.149999999999981
0.9747249016017998 1.159999999999981
0.971513610970302 1.169999999999981
0.9681192569165694 1.179999999999981
0.9645438342768223 1.189999999999981
0.9607894391523305 1.199999999999981
0.9568582668619173 1.209999999999981
0.9527526098032189 1.219999999999981
0.9484748552256128 1.229999999999981
0.9440274829178442 1.2399999999999811
0.9394130628134847 1.2499999999999811
0.9346342525174579 1.2599999999999811
0.9296937947569639 1.2699999999999811
0.9245945147602205 1.2799999999999812
0.9193393175665282 1.2899999999999812
0.9139311852712385 1.2999999999999812
0.9083731742092785 1.3099999999999812
0.9026684120809529 1.3199999999999812
0.896820095023798 1.3299999999999812
0.8908314846343202 1.3399999999999812
0.8847059049434952 1.3499999999999812
0.8784467393499432 1.3599999999999812
0.8720574275147313 1.3699999999999812
0.8655414622217783 1.3799999999999812
0.8589023862078602 1.3899999999999813
0.8521437889662241 1.3999999999999813
0.8452693035278315 1.4099999999999813
0.8382826032242466 1.4199999999999813
0.8311873984361842 1.4299999999999813
0.8239874333317168 1.4399999999999813
0.8166864825981246 1.4499999999999813
0.809288348171346 1.4599999999999813
0.8017968559669554 1.4699999999999813
0.7942158526165609 1.4799999999999813
0.7865492022134694 1.4899999999999813
0.7788007830714194 1.4999999999999813
0.7709744845001301 1.5099999999999814
0.7630742036013509 1.5199999999999814
0.7551038420890385 1.5299999999999814
0.7470673031372107 1.5399999999999814
0.7389684882589593 1.5499999999999814
0.7308112942200191 1.5599999999999814
0.7225996099902089 1.5699999999999814
0.7143373137359729 1.5799999999999814
0.7060282698571552 1.5899999999999814
0.6976763260710466 1.5999999999999814
0.689285310546642 1.6099999999999814
0.6808590290919405 1.6199999999999815
0.6724012623970185 1.6299999999999815
0.6639157633354893 1.6399999999999815
0.6554062543268563 1.6499999999999815
0.6468764247621457 1.6599999999999815
0.6383299284950908 1.6699999999999815
0.629770381401019 1.6799999999999815
0.6212013590054667 1.6899999999999815
0.6126263941844319 1.6999999999999815
0.6040489749380412 1.7099999999999815
0.5954725422392856 1.7199999999999815
0.5869004879593538 1.7299999999999816
0.5783361528709599 1.7399999999999816
0.5697828247309388 1.7499999999999816
0.5612437364432507 1.7599999999999816
0.5527220643034095 1.7699999999999816
0.544220926325223 1.7799999999999816
0.5357433806506003 1.7899999999999816
0.5272924240430641 1.7999999999999816
0.5188709904654678 1.8099999999999816
0.5104819497423047 1.8199999999999816
0.5021281063068622 1.8299999999999816
0.49381219803336135 1.8399999999999817
0.4855368951540946 1.8499999999999817
0.4773047992614608 1.8599999999999817
0.46911844239467915 1.8699999999999817
0.46098028621084847 1.8799999999999817
0.4528927212399094 1.8899999999999817
0.44485806622295576 1.8999999999999817
0.43687856753323673 1.9099999999999817
0.4289563986790874 1.9199999999999817
0.42109365988792613 1.9299999999999817
0.4132923777703584 1.9399999999999817
0.4055545050633346 1.9499999999999817
0.39788192045121856 1.9599999999999818
0.39027642846353494 1.9699999999999818
0.38273975944808275 1.9799999999999818
0.3752735696180209 1.9899999999999818
0.3678794411714557 1.9999999999999818
0.36055888248198903 2.0099999999999816
0.3533133283586148 2.0199999999999814
0.3461441403732921 2.029999999999981
0.3390526072544557 2.039999999999981
0.33203994534467407 2.0499999999999807
0.32510729912060926 2.0599999999999805
0.31825574177338417 2.0699999999999803
0.3114862758474205 2.07999999999998
0.30479983393576665 2.08999999999998
0.2981972794299007 2.0999999999999797
0.29167940732195985 2.1099999999999794
0.28524694505731846 2.1199999999999792
0.27890055343541303 2.129999999999979
0.2726408275566901 2.139999999999979
0.26646829781353726 2.1499999999999786
0.26038343092304206 2.1599999999999784
0.25438663099941683 2.169999999999978
0.24847824066391713 2.179999999999978
0.24265854219008365 2.1899999999999777
0.23692775868213456 2.1999999999999775
0.23128605528434135 2.2099999999999773
0.22573354041922947 2.219999999999977
0.22027026705245425 2.229999999999977
0.2148962339822178 2.2399999999999767
0.20961138715111016 2.2499999999999765
0.20441562097827623 2.2599999999999763
0.1993087797098348 2.269999999999976
0.19429065878550017 2.279999999999976
0.18936100621938606 2.2899999999999756
0.1845195239930011 2.2999999999999754
0.17976586945847953 2.309999999999975
0.17509965675012493 2.319999999999975
0.170520458202383 2.3299999999999748
0.166027805772398 2.3399999999999745
0.16162119246535045 2.3499999999999743
0.1573000737608148 2.359999999999974
0.15306386903842215 2.369999999999974
0.14891196300115855 2.3799999999999737
0.14484370709467778 2.3899999999999735
0.14085842092105555 2.3999999999999733
0.1369553936454636 2.409999999999973
0.1331338853942921 2.419999999999973
0.12939312864330146 2.4299999999999726
0.1257323295944379 2.4399999999999724
0.12215066953999988 2.449999999999972
0.11864730621289783 2.459999999999972
0.11522137512180297 2.4699999999999718
0.11187199087003757 2.4799999999999716
0.10859824845711219 2.4899999999999713
0.10539922456187346 2.499999999999971
0.10227397880627889 2.509999999999971
0.0992215549988721 2.5199999999999707
0.09624098235708656 2.5299999999999705
0.0933312767075611 2.5399999999999703
0.09049144166370432 2.54999999999997
0.08772046977980065 2.55999999999997
0.08501734368100321 2.5699999999999696
0.08238103716861168 2.5799999999999694
0.07981051630008747 2.589999999999969
0.0773047404433074 2.599999999999969
0.07486266330461103 2.609999999999969
0.07248323393024386 2.6199999999999686
0.07016539768085042 2.6299999999999684
0.06790809717871651 2.639999999999968
0.06571027322750983 2.649999999999968
0.06357086570431131 2.6599999999999677
0.06148881442377673 2.6699999999999675
0.059463059974309694 2.6799999999999673
0.05749254452617096 2.689999999999967
0.05557621261148933 2.699999999999967
0.053713011876179655 2.7099999999999667
0.05190189380381136 2.7199999999999664
0.05014181441150879 2.7299999999999662
0.048431734917999916 2.739999999999966
0.046770622383964594 2.749999999999966
0.045157450324866386 2.7599999999999656
0.04359119929648396 2.7699999999999654
0.04207085745338752 2.779999999999965
0.04059542108063534 2.789999999999965
0.03916389509899204 2.7999999999999647
0.03777529354399682 2.8099999999999645
0.03642864001923376 2.8199999999999643
0.035122968124179824 2.829999999999964
0.03385732185702763 2.839999999999964
0.03263075599290041 2.8499999999999637
0.031442336437895575 2.8599999999999635
0.030291140559410512 2.8699999999999632
0.029176257493221013 2.879999999999963
0.02809678842779703 2.889999999999963
0.02705184686635426 2.8999999999999626
0.026040558867152473 2.9099999999999624
0.0250620632625624 2.919999999999962
0.024115511857432607 2.929999999999962
0.023200069607296914 2.9399999999999618
0.02231491477696975 2.9499999999999615
0.021459239080083656 2.9599999999999613
0.02063224780012787 2.969999999999961
0.01983315989355157 2.979999999999961
0.019061208075497854 2.9899999999999607
0.018315638888737076 2.9999999999999605
