0.0183157514239089 -3
0.0190613299712041 -2.99
0.019833291901985434 -2.9800000000000004
0.020632390731673597 -2.9700000000000006
0.02145939380763166 -2.960000000000001
0.022315082240536625 -2.950000000000001
0.023200250818970862 -2.9400000000000013
0.024115707906665947 -2.9300000000000015
0.025062275321834082 -2.9200000000000017
0.026040788198025196 -2.910000000000002
0.027052094825951993 -2.900000000000002
0.02809705647573065 -2.8900000000000023
0.02917654719899109 -2.8800000000000026
0.0302914536103185 -2.8700000000000028
0.03144267464749613 -2.860000000000003
0.032631121310029765 -2.850000000000003
0.03385771637544496 -2.8400000000000034
0.035123394092860916 -2.8300000000000036
0.036429099853358266 -2.820000000000004
0.03777578983667321 -2.810000000000004
0.039164430633766754 -2.8000000000000043
0.04059599884483537 -2.7900000000000045
0.04207148065234859 -2.7800000000000047
0.04359187136871932 -2.770000000000005
0.045158174958234834 -2.760000000000005
0.04677140353289894 -2.7500000000000053
0.04843257682186147 -2.7400000000000055
0.050142721614136423 -2.7300000000000058
0.05190287117433821 -2.720000000000006
0.05371406463119393 -2.710000000000006
0.0555773463386206 -2.7000000000000064
0.05749376520918745 -2.6900000000000066
0.05946437401981679 -2.680000000000007
0.06149022868961217 -2.670000000000007
0.06357238752973732 -2.6600000000000072
0.06571191046530844 -2.6500000000000075
0.06790985822929924 -2.6400000000000077
0.07016729152850022 -2.630000000000008
0.0724852701816132 -2.620000000000008
0.07486485222960636 -2.6100000000000083
0.07730709301849766 -2.6000000000000085
0.07981304425478032 -2.5900000000000087
0.08238375303375065 -2.580000000000009
0.08502026084104429 -2.570000000000009
0.0877236025277376 -2.5600000000000094
0.09049480525941805 -2.5500000000000096
0.09333488743968006 -2.54000000000001
0.09624485760855184 -2.53000000000001
0.09922571331641263 -2.5200000000000102
0.10227843997401154 -2.5100000000000104
0.10540400967925309 -2.5000000000000107
0.10860338002146863 -2.490000000000011
0.11187749286394734 -2.480000000000011
0.11522727310555582 -2.4700000000000113
0.1186536274223306 -2.4600000000000115
0.12215744298998359 -2.4500000000000117
0.12573958618831627 -2.440000000000012
0.12940090128859516 -2.430000000000012
0.1331422091249954 -2.4200000000000124
0.13696430575127697 -2.4100000000000126
0.14086796108391306 -2.400000000000013
0.14485391753294358 -2.390000000000013
0.1489228886218855 -2.380000000000013
0.1530755575980815 -2.3700000000000134
0.15731257603492543 -2.3600000000000136
0.16163456242745405 -2.350000000000014
0.1660421007828471 -2.340000000000014
0.17053573920742832 -2.3300000000000143
0.17511598849181007 -2.3200000000000145
0.1797833206958723 -2.3100000000000147
0.18453816773531362 -2.300000000000015
0.18938091997155843 -2.290000000000015
0.1943119248068472 -2.2800000000000153
0.19933148528637956 -2.2700000000000156
0.2044398587094196 -2.2600000000000158
0.2096372552513121 -2.250000000000016
0.21492383659839334 -2.240000000000016
0.2202997145978148 -2.2300000000000164
0.22576494992432863 -2.2200000000000166
0.23131955076611488 -2.210000000000017
0.23696347153175368 -2.200000000000017
0.2426966115804725 -2.1900000000000173
0.24851881397781717 -2.1800000000000175
0.25442986427891456 -2.1700000000000177
0.26042948934150945 -2.160000000000018
0.2665173561709692 -2.150000000000018
0.2726930707994595 -2.1400000000000183
0.278956177201499 -2.1300000000000185
0.28530615624810246 -2.1200000000000188
0.2917424247017202 -2.110000000000019
0.2982643342541776 -2.100000000000019
0.30487117060980684 -2.0900000000000194
0.31156215261595344 -2.0800000000000196
0.31833643144302143 -2.07000000000002
0.32519308981620265 -2.06000000000002
0.3321311413010088 -2.0500000000000203
0.33914952964469985 -2.0400000000000205
0.3462471281756689 -2.0300000000000207
0.3534227392628063 -2.020000000000021
0.36067509383682905 -2.010000000000021
0.3680028509755133 -2.0000000000000213
0.3754045975547239 -1.9900000000000213
0.38287884796707866 -1.9800000000000213
0.390424043910033 -1.9700000000000213
0.3980385542451064 -1.9600000000000213
0.40572067492991143 -1.9500000000000213
0.413468629024575 -1.9400000000000213
0.4212805667740727 -1.9300000000000213
0.4291545657679177 -1.9200000000000212
0.4370886311785698 -1.9100000000000212
0.44508069607984296 -1.9000000000000212
0.4531286218465071 -1.8900000000000212
0.46123019863618414 -1.8800000000000212
0.46938314595454994 -1.8700000000000212
0.47758511330475223 -1.8600000000000212
0.48583368092185514 -1.8500000000000212
0.4941263605930187 -1.8400000000000212
0.5024605965640132 -1.8300000000000212
0.5108337665325596 -1.8200000000000212
0.519243182728875 -1.8100000000000211
0.5276860930836857 -1.8000000000000211
0.5361596824838576 -1.7900000000000211
0.5446610741156672 -1.7800000000000211
0.5531873308956228 -1.7700000000000211
0.5617354569886158 -1.760000000000021
0.5703023994130598 -1.750000000000021
0.578885049732549 -1.740000000000021
0.5874802458334385 -1.730000000000021
0.59608477378762 -1.720000000000021
0.6046953697996372 -1.710000000000021
0.6133087222371543 -1.700000000000021
0.6219214737436609 -1.690000000000021
0.6305302234321644 -1.680000000000021
0.6391315291584885 -1.670000000000021
0.6477219098726714 -1.660000000000021
0.6562978480468178 -1.650000000000021
0.6648557921776362 -1.640000000000021
0.6733921593617631 -1.630000000000021
0.6819033379418427 -1.620000000000021
0.6903856902212131 -1.610000000000021
0.6988355552449179 -1.600000000000021
0.7072492516446431 -1.590000000000021
0.7156230805450572 -1.580000000000021
0.7239533285289167 -1.570000000000021
0.7322362706581791 -1.560000000000021
0.7404681735482569 -1.550000000000021
0.7486452984924348 -1.540000000000021
0.7567639046333636 -1.530000000000021
0.7648202521784471 -1.520000000000021
0.772810605655831 -1.5100000000000209
0.7807312372076161 -1.5000000000000209
0.7885784299168177 -1.4900000000000209
0.7963484811645161 -1.4800000000000209
0.8040377060135526 -1.4700000000000208
0.8116424406150505 -1.4600000000000208
0.8191590456339695 -1.4500000000000208
0.8265839096898319 -1.4400000000000208
0.8339134528086974 -1.4300000000000208
0.8411441298824062 -1.4200000000000208
0.8482724341310566 -1.4100000000000208
0.8552949005646413 -1.4000000000000208
0.8622081094397215 -1.3900000000000208
0.869008689706987 -1.3800000000000208
0.8756933224455203 -1.3700000000000208
0.882258744279562 -1.3600000000000207
0.888701750773555 -1.3500000000000207
0.8950191998012408 -1.3400000000000207
0.9012080148845714 -1.3300000000000207
0.9072651884982075 -1.3200000000000207
0.9131877853353798 -1.3100000000000207
0.9189729455309074 -1.3000000000000207
0.9246178878371879 -1.2900000000000207
0.9301199127490033 -1.2800000000000207
0.9354764055730181 -1.2700000000000207
0.9406848394378886 -1.2600000000000207
0.9457427782409512 -1.2500000000000207
0.9506478795275056 -1.2400000000000206
0.9553978972987754 -1.2300000000000206
0.9599906847446877 -1.2200000000000206
0.9644241968976918 -1.2100000000000206
0.968696493203908 -1.2000000000000206
0.9728057400079875 -1.1900000000000206
0.9767502129481487 -1.1800000000000206
0.9805282992579538 -1.1700000000000206
0.9841384999714883 -1.1600000000000206
0.9875794320287091 -1.1500000000000206
0.9908498302778456 -1.1400000000000206
0.993948549371843 -1.1300000000000205
0.996874565555968 -1.1200000000000205
0.9996269783438142 -1.1100000000000205
1.002205012079078 -1.1000000000000205
1.0046080173806096 -1.0900000000000205
1.0068354724683795 -1.0800000000000205
1.008886984368143 -1.0700000000000205
1.0107622899927293 -1.0600000000000205
1.0124612570980343 -1.0500000000000205
1.0139838851119378 -1.0400000000000205
1.015330305834532 -1.0300000000000205
1.0165007840081932 -1.0200000000000204
1.0174957177561976 -1.0100000000000204
1.0183156388887327 -1.0000000000000204
1.0189612130753272 -0.9900000000000204
1.019433239882882 -0.9800000000000204
1.0197326526786517 -0.9700000000000204
1.0198605183976865 -0.9600000000000204
1.0198180371744268 -0.9500000000000204
1.0196065418382874 -0.9400000000000204
1.0192274972732598 -0.9300000000000204
1.018682499641709 -0.9200000000000204
1.0179732754727215 -0.9100000000000203
1.0171016806155204 -0.9000000000000203
1.0160696990586335 -0.8900000000000203
1.0148794416156626 -0.8800000000000203
1.0135331444786646 -0.8700000000000203
1.012033167640323 -0.8600000000000203
1.010381993186236 -0.8500000000000203
1.0085822234588209 -0.8400000000000203
1.0066365790944751 -0.8300000000000203
1.0045478969357962 -0.8200000000000203
1.0023191278208121 -0.8100000000000203
0.9999533342513152 -0.8000000000000203
0.9974536879425451 -0.7900000000000202
0.9948234672565986 -0.7800000000000202
0.9920660545220888 -0.7700000000000202
0.9891849332427025 -0.7600000000000202
0.9861836851974409 -0.7500000000000202
0.9830659874354494 -0.7400000000000202
0.979835609168464 -0.7300000000000202
0.9764964085640229 -0.7200000000000202
0.9730523294426988 -0.7100000000000202
0.9695073978827186 -0.7000000000000202
0.9658657187354399 -0.6900000000000202
0.9621314720552528 -0.6800000000000201
0.9583089094475647 -0.6700000000000201
0.9544023503386213 -0.6600000000000201
0.9504161781709946 -0.6500000000000201
0.9463548365286489 -0.6400000000000201
0.9422228251955708 -0.6300000000000201
0.938024696152011 -0.6200000000000201
0.9337650495124598 -0.6100000000000201
0.9294485294095197 -0.6000000000000201
0.9250798198279071 -0.5900000000000201
0.9206636403928461 -0.58000000000002
0.9162047421171748 -0.57000000000002
0.9117079031115046 -0.56000000000002
0.9071779242618159 -0.55000000000002
0.9026196248788938 -0.54000000000002
0.8980378383240284 -0.53000000000002
0.8934374076154191 -0.52000000000002
0.8888231810197341 -0.51000000000002
0.8842000076332784 -0.50000000000002
0.8795727329572275 -0.49000000000002
0.8749461944713735 -0.48000000000001997
0.8703252172108262 -0.47000000000001996
0.865714609350093 -0.46000000000001995
0.8611191577989434 -0.45000000000001994
0.8565436238144408 -0.44000000000001993
0.851992738633494 -0.4300000000000199
0.8474711991302483 -0.4200000000000199
0.8429836635026018 -0.4100000000000199
0.8385347469920849 -0.4000000000000199
0.8341290176413022 -0.3900000000000199
0.8297709920930811 -0.3800000000000199
0.8254651314354224 -0.37000000000001987
0.8212158370962857 -0.36000000000001986
0.817027446792188 -0.35000000000001985
0.8129042305345247 -0.34000000000001984
0.8088503866974546 -0.33000000000001983
0.8048700381511243 -0.3200000000000198
0.8009672284639263 -0.3100000000000198
0.7971459181774129 -0.3000000000000198
0.7934099811574068 -0.2900000000000198
0.789763201024765 -0.2800000000000198
0.7862092676691675 -0.2700000000000198
0.7827517738492148 -0.26000000000001977
0.7793942118820274 -0.25000000000001976
0.7761399704254466 -0.24000000000001975
0.7729923313558418 -0.23000000000001974
0.7699544667444301 -0.22000000000001974
0.767029435934919 -0.21000000000001973
0.7642201827251758 -0.20000000000001972
0.7615295326555283 -0.1900000000000197
0.7589601904061984 -0.1800000000000197
0.7565147373062555 -0.1700000000000197
0.7541956289563796 -0.16000000000001968
0.7520051929676077 -0.15000000000001967
0.7499456268181266 -0.14000000000001966
0.7480189958300676 -0.13000000000001966
0.7462272312681422 -0.12000000000001966
0.7445721285618443 -0.11000000000001967
0.7430553456528313 -0.10000000000001967
0.741678401468978 -0.09000000000001968
0.7404426745264825 -0.08000000000001968
0.7393494016612847 -0.07000000000001969
0.7383996768909418 -0.06000000000001968
0.7375944504079828 -0.05000000000001968
0.736934527705648 -0.04000000000001968
0.7364205688368006 -0.030000000000019678
0.7360530878066709 -0.020000000000019676
0.735832452099983 -0.010000000000019675
0.7357588823428846 -1.9675233664528946e-14
0.7358324520999828 0.009999999999980325
0.73605308780667 0.019999999999980325
0.7364205688367991 0.029999999999980327
0.7369345277056457 0.03999999999998033
0.7375944504079798 0.04999999999998033
0.7383996768909383 0.05999999999998033
0.7393494016612806 0.06999999999998033
0.7404426745264778 0.07999999999998032
0.7416784014689729 0.08999999999998032
0.7430553456528257 0.09999999999998031
0.7445721285618381 0.10999999999998031
0.7462272312681354 0.1199999999999803
0.7480189958300603 0.1299999999999803
0.7499456268181188 0.1399999999999803
0.7520051929675994 0.14999999999998032
0.7541956289563707 0.15999999999998032
0.756514737306246 0.16999999999998033
0.7589601904061886 0.17999999999998034
0.761529532655518 0.18999999999998035
0.7642201827251649 0.19999999999998036
0.7670294359349077 0.20999999999998037
0.7699544667444185 0.21999999999998038
0.7729923313558297 0.2299999999999804
0.776139970425434 0.2399999999999804
0.7793942118820144 0.2499999999999804
0.7827517738492014 0.2599999999999804
0.7862092676691538 0.2699999999999804
0.7897632010247508 0.27999999999998043
0.7934099811573923 0.28999999999998044
0.797145918177398 0.29999999999998045
0.8009672284639111 0.30999999999998046
0.8048700381511089 0.31999999999998047
0.8088503866974388 0.3299999999999805
0.8129042305345086 0.3399999999999805
0.8170274467921718 0.3499999999999805
0.821215837096269 0.3599999999999805
0.8254651314354057 0.3699999999999805
0.8297709920930642 0.3799999999999805
0.834129017641285 0.38999999999998053
0.8385347469920674 0.39999999999998054
0.8429836635025842 0.40999999999998055
0.8474711991302306 0.41999999999998056
0.851992738633476 0.42999999999998056
0.8565436238144228 0.4399999999999806
0.8611191577989253 0.4499999999999806
0.8657146093500749 0.4599999999999806
0.870325217210808 0.4699999999999806
0.8749461944713554 0.4799999999999806
0.8795727329572094 0.4899999999999806
0.8842000076332602 0.4999999999999806
0.8888231810197159 0.5099999999999806
0.893437407615401 0.5199999999999806
0.8980378383240103 0.5299999999999806
0.9026196248788758 0.5399999999999806
0.9071779242617979 0.5499999999999806
0.9117079031114869 0.5599999999999806
0.9162047421171572 0.5699999999999806
0.9206636403928287 0.5799999999999806
0.9250798198278897 0.5899999999999807
0.9294485294095027 0.5999999999999807
0.9337650495124428 0.6099999999999807
0.9380246961519942 0.6199999999999807
0.9422228251955542 0.6299999999999807
0.9463548365286328 0.6399999999999807
0.9504161781709786 0.6499999999999807
0.9544023503386058 0.6599999999999807
0.9583089094475494 0.6699999999999807
0.962131472055238 0.6799999999999807
0.9658657187354254 0.6899999999999807
0.9695073978827043 0.6999999999999807
0.973052329442685 0.7099999999999808
0.9764964085640095 0.7199999999999808
0.9798356091684509 0.7299999999999808
0.9830659874354368 0.7399999999999808
0.9861836851974289 0.7499999999999808
0.9891849332426909 0.7599999999999808
0.9920660545220777 0.7699999999999808
0.9948234672565882 0.7799999999999808
0.9974536879425351 0.7899999999999808
0.9999533342513056 0.7999999999999808
1.002319127820803 0.8099999999999808
1.0045478969357877 0.8199999999999809
1.0066365790944671 0.8299999999999809
1.0085822234588135 0.8399999999999809
1.010381993186229 0.8499999999999809
1.0120331676403167 0.8599999999999809
1.013533144478659 0.8699999999999809
1.0148794416156577 0.8799999999999809
1.0160696990586293 0.8899999999999809
1.0171016806155166 0.8999999999999809
1.0179732754727184 0.9099999999999809
1.0186824996417065 0.9199999999999809
1.019227497273258 0.929999999999981
1.0196065418382863 0.939999999999981
1.0198180371744263 0.949999999999981
1.0198605183976868 0.959999999999981
1.0197326526786523 0.969999999999981
1.0194332398828836 0.979999999999981
1.0189612130753294 0.989999999999981
1.0183156388887356 0.999999999999981
1.0174957177562012 1.009999999999981
1.0165007840081977 1.019999999999981
1.0153303058345369 1.029999999999981
1.0139838851119436 1.039999999999981
1.0124612570980407 1.049999999999981
1.0107622899927364 1.059999999999981
1.0088869843681505 1.069999999999981
1.006835472468388 1.079999999999981
1.0046080173806187 1.089999999999981
1.0022050120790877 1.099999999999981
0.9996269783438246 1.109999999999981
0.9968745655559792 1.119999999999981
0.9939485493718548 1.129999999999981
0.9908498302778581 1.139999999999981
0.9875794320287223 1.149999999999981
0.9841384999715023 1.159999999999981
0.9805282992579685 1.169999999999981
0.9767502129481639 1.179999999999981
0.9728057400080034 1.189999999999981
0.9686964932039246 1.199999999999981
0.9644241968977091 1.209999999999981
0.9599906847447056 1.219999999999981
0.955397897298794 1.229999999999981
0.9506478795275248 1.2399999999999811
0.945742778240971 1.2499999999999811
0.9406848394379089 1.2599999999999811
0.935476405573039 1.2699999999999811
0.9301199127490248 1.2799999999999812
0.9246178878372099 1.2899999999999812
0.9189729455309299 1.2999999999999812
0.9131877853354029 1.3099999999999812
0.9072651884982312 1.3199999999999812
0.9012080148845957 1.3299999999999812
0.8950191998012654 1.3399999999999812
0.8887017507735802 1.3499999999999812
0.8822587442795877 1.3599999999999812
0.8756933224455465 1.3699999999999812
0.8690086897070136 1.3799999999999812
0.8622081094397487 1.3899999999999813
0.8552949005646688 1.3999999999999813
0.8482724341310844 1.4099999999999813
0.8411441298824345 1.4199999999999813
0.8339134528087261 1.4299999999999813
0.826583909689861 1.4399999999999813
0.819159045633999 1.4499999999999813
0.8116424406150804 1.4599999999999813
0.8040377060135828 1.4699999999999813
0.7963484811645466 1.4799999999999813
0.7885784299168485 1.4899999999999813
0.7807312372076474 1.4999999999999813
0.7728106056558627 1.5099999999999814
0.7648202521784788 1.5199999999999814
0.7567639046333956 1.5299999999999814
0.748645298492467 1.5399999999999814
0.7404681735482893 1.5499999999999814
0.7322362706582117 1.5599999999999814
0.7239533285289496 1.5699999999999814
0.7156230805450903 1.5799999999999814
0.7072492516446763 1.5899999999999814
0.6988355552449512 1.5999999999999814
0.6903856902212466 1.6099999999999814
0.6819033379418763 1.6199999999999815
0.6733921593617969 1.6299999999999815
0.6648557921776701 1.6399999999999815
0.6562978480468515 1.6499999999999815
0.6477219098727054 1.6599999999999815
0.6391315291585223 1.6699999999999815
0.6305302234321983 1.6799999999999815
0.6219214737436951 1.6899999999999815
0.6133087222371884 1.6999999999999815
0.6046953697996713 1.7099999999999815
0.596084773787654 1.7199999999999815
0.5874802458334725 1.7299999999999816
0.5788850497325828 1.7399999999999816
0.5703023994130937 1.7499999999999816
0.5617354569886497 1.7599999999999816
0.5531873308956565 1.7699999999999816
0.5446610741157009 1.7799999999999816
0.5361596824838911 1.7899999999999816
0.5276860930837192 1.7999999999999816
0.5192431827289082 1.8099999999999816
0.5108337665325928 1.8199999999999816
0.5024605965640462 1.8299999999999816
0.49412636059305154 1.8399999999999817
0.48583368092188783 1.8499999999999817
0.47758511330478476 1.8599999999999817
0.46938314595458225 1.8699999999999817
0.4612301986362162 1.8799999999999817
0.453128621846539 1.8899999999999817
0.44508069607987466 1.8999999999999817
0.43708863117860125 1.9099999999999817
0.4291545657679489 1.9199999999999817
0.4212805667741037 1.9299999999999817
0.4134686290246058 1.9399999999999817
0.4057206749299419 1.9499999999999817
0.3980385542451366 1.9599999999999818
0.3904240439100629 1.9699999999999818
0.38287884796710836 1.9799999999999818
0.3754045975547533 1.9899999999999818
0.3680028509755424 1.9999999999999818
0.3606750938368579 2.0099999999999816
0.3534227392628348 2.0199999999999814
0.3462471281756971 2.029999999999981
0.3391495296447278 2.039999999999981
0.3321311413010363 2.0499999999999807
0.32519308981622996 2.0599999999999805
0.31833643144304835 2.0699999999999803
0.31156215261597997 2.07999999999998
0.3048711706098331 2.08999999999998
0.2982643342542035 2.0999999999999797
0.2917424247017458 2.1099999999999794
0.28530615624812766 2.1199999999999792
0.27895617720152394 2.129999999999979
0.27269307079948407 2.139999999999979
0.2665173561709935 2.1499999999999786
0.2604294893415333 2.1599999999999784
0.2544298642789381 2.169999999999978
0.24851881397784034 2.179999999999978
0.24269661158049533 2.1899999999999777
0.2369634715317762 2.1999999999999775
0.23131955076613703 2.2099999999999773
0.2257649499243504 2.219999999999977
0.22029971459783623 2.229999999999977
0.21492383659841444 2.2399999999999767
0.2096372552513328 2.2499999999999765
0.20443985870943995 2.2599999999999763
0.1993314852863996 2.269999999999976
0.19431192480686688 2.279999999999976
0.18938091997157777 2.2899999999999756
0.1845381677353326 2.2999999999999754
0.17978332069589095 2.309999999999975
0.17511598849182833 2.319999999999975
0.17053573920744625 2.3299999999999748
0.16604210078286466 2.3399999999999745
0.1616345624274713 2.3499999999999743
0.15731257603494236 2.359999999999974
0.15307555759809807 2.369999999999974
0.14892288862190173 2.3799999999999737
0.14485391753295948 2.3899999999999735
0.14086796108392863 2.3999999999999733
0.13696430575129226 2.409999999999973
0.13314220912501035 2.419999999999973
0.12940090128860982 2.4299999999999726
0.12573958618833062 2.4399999999999724
0.12215744298999759 2.449999999999972
0.11865362742234431 2.459999999999972
0.11522727310556917 2.4699999999999718
0.11187749286396041 2.4799999999999716
0.10860338002148141 2.4899999999999713
0.1054040096792656 2.499999999999971
0.10227843997402376 2.509999999999971
0.09922571331642456 2.5199999999999707
0.09624485760856345 2.5299999999999705
0.09333488743969141 2.5399999999999703
0.09049480525942914 2.54999999999997
0.08772360252774838 2.55999999999997
0.08502026084105486 2.5699999999999696
0.08238375303376093 2.5799999999999694
0.07981304425479036 2.589999999999969
0.07730709301850741 2.599999999999969
0.0748648522296159 2.609999999999969
0.07248527018162247 2.6199999999999686
0.07016729152850926 2.6299999999999684
0.06790985822930805 2.639999999999968
0.06571191046531703 2.649999999999968
0.06357238752974567 2.6599999999999677
0.06149022868962027 2.6699999999999675
0.059464374019824684 2.6799999999999673
0.057493765209195136 2.689999999999967
0.05557734633862808 2.699999999999967
0.05371406463120118 2.7099999999999667
0.05190287117434526 2.7199999999999664
0.05014272161414328 2.7299999999999662
0.04843257682186812 2.739999999999966
0.046771403532905424 2.749999999999966
0.045158174958241135 2.7599999999999656
0.043591871368725436 2.7699999999999654
0.0420714806523545 2.779999999999965
0.04059599884484111 2.789999999999965
0.03916443063377232 2.7999999999999647
0.03777578983667861 2.8099999999999645
0.036429099853363504 2.8199999999999643
0.035123394092866 2.829999999999964
0.033857716375449896 2.839999999999964
0.03263112131003453 2.8499999999999637
0.03144267464750076 2.8599999999999635
0.03029145361032298 2.8699999999999632
0.02917654719899542 2.879999999999963
0.028097056475734843 2.889999999999963
0.027052094825956066 2.8999999999999626
0.026040788198029127 2.9099999999999624
0.025062275321837888 2.919999999999962
0.02411570790666962 2.929999999999962
0.023200250818974425 2.9399999999999618
0.022315082240540064 2.9499999999999615
0.021459393807634987 2.9599999999999613
0.020632390731676813 2.969999999999961
0.019833291901988535 2.979999999999961
0.019061329971207106 2.9899999999999607
0.018315751423911796 2.9999999999999605
