-2 0.016296338859428692
-1.98 0.01575492237957513
-1.96 0.014862740947878293
-1.94 0.013597994266811684
-1.92 0.011943653584164738
-1.9 0.009888299775861049
-1.88 0.007426937454270025
-1.8599999999999999 0.004561766153795995
-1.8399999999999999 0.0013028886131308507
-1.8199999999999998 -0.00233106454170038
-1.7999999999999998 -0.0063124147609400555
-1.7799999999999998 -0.010604041173531826
-1.7599999999999998 -0.015159132320073064
-1.7399999999999998 -0.01992110352979061
-1.7199999999999998 -0.02482369797404649
-1.6999999999999997 -0.02979128742846422
-1.6799999999999997 -0.03473938624903555
-1.6599999999999997 -0.03957538901838745
-1.6399999999999997 -0.04419953876230185
-1.6199999999999997 -0.04850612860153671
-1.5999999999999996 -0.05238493523088227
-1.5799999999999996 -0.055722877760298224
-1.5599999999999996 -0.058405890279231897
-1.5399999999999996 -0.06032099109506522
-1.5199999999999996 -0.061358526042664376
-1.4999999999999996 -0.061414557668189464
-1.4799999999999995 -0.060393366570779025
-1.4599999999999995 -0.05821002586309753
-1.4399999999999995 -0.05479300471525745
-1.4199999999999995 -0.0500867524098787
-1.3999999999999995 -0.04405421039440948
-1.3799999999999994 -0.036679196604697
-1.3599999999999994 -0.027968603981550474
-1.3399999999999994 -0.017954353732889138
-1.3199999999999994 -0.006695043620760672
-1.2999999999999994 0.005722767525995031
-1.2799999999999994 0.019183695674512825
-1.2599999999999993 0.03354314089078263
-1.2399999999999993 0.04862741823437158
-1.2199999999999993 0.06423445209492605
-1.1999999999999993 0.0801350681458624
-1.1799999999999993 0.09607490808984652
-1.1599999999999993 0.11177698212180527
-1.1399999999999992 0.12694486264916516
-1.1199999999999992 0.14126651042947483
-1.0999999999999992 0.15441871108853447
-1.0799999999999992 0.1660720861747252
-1.0599999999999992 0.175896628723504
-1.0399999999999991 0.18356769901234954
-1.0199999999999991 0.18877240206572288
-0.9999999999999991 0.19121625482501323
-0.9799999999999991 0.19063003804621298
-0.9599999999999991 0.18677671625182476
-0.9399999999999991 0.17945829876780356
-0.919999999999999 0.16852250633987778
-0.899999999999999 0.15386910135195567
-0.879999999999999 0.1354557355475074
-0.859999999999999 0.11330316763969432
-0.839999999999999 0.08749970450883532
-0.819999999999999 0.058204724004911994
-0.7999999999999989 0.02565114482687996
-0.7799999999999989 -0.00985328038772961
-0.7599999999999989 -0.04792595874877991
-0.7399999999999989 -0.08811083051595564
-0.7199999999999989 -0.12988119507318682
-0.6999999999999988 -0.172644039400273
-0.6799999999999988 -0.21574589345915002
-0.6599999999999988 -0.2584802091660198
-0.6399999999999988 -0.30009623004388986
-0.6199999999999988 -0.33980928771597424
-0.5999999999999988 -0.37681242964131373
-0.5799999999999987 -0.41028925049431375
-0.5599999999999987 -0.43942776797732264
-0.5399999999999987 -0.4634351532902031
-0.5199999999999987 -0.48155309764447674
-0.49999999999999867 -0.4930735697914092
-0.47999999999999865 -0.49735469621684414
-0.45999999999999863 -0.4938364761035744
-0.4399999999999986 -0.4820560280017465
-0.4199999999999986 -0.46166205495533236
-0.3999999999999986 -0.43242821011805177
-0.37999999999999856 -0.3942650460844014
-0.35999999999999854 -0.3472302385951448
-0.3399999999999985 -0.29153678917904235
-0.3199999999999985 -0.22755893177275255
-0.2999999999999985 -0.15583549540029407
-0.2799999999999985 -0.07707050843931305
-0.25999999999999845 0.007869130438221912
-0.23999999999999846 0.0979590443211412
-0.21999999999999847 0.1920259124289327
-0.19999999999999848 0.2887591713631053
-0.1799999999999985 0.3867258494908392
-0.1599999999999985 0.4843884397872372
-0.13999999999999851 0.5801256539899523
-0.11999999999999851 0.6722558380485826
-0.0999999999999985 0.7590627667999698
-0.0799999999999985 0.8388234758367846
-0.0599999999999985 0.9098377319525398
-0.039999999999998495 0.9704586916329134
-0.019999999999998495 1.019124251085053
1.5057399771478686e-15 1.0543885524629093
0.020000000000001506 1.0749530803846206
0.04000000000000151 1.0796967615651132
0.06000000000000151 1.067704469284831
0.08000000000000151 1.0382933342047482
0.10000000000000152 0.9910362742559604
0.12000000000000152 0.9257821793136245
0.1400000000000015 0.8426722212245257
0.1600000000000015 0.7421518063775376
0.1800000000000015 0.6249777460284255
0.20000000000000148 0.49222028841209287
0.22000000000000147 0.34525973545048716
0.24000000000000146 0.18577745451000507
0.26000000000000145 0.0157411908700328
0.28000000000000147 -0.1626153121827542
0.3000000000000015 -0.3468182731252807
0.3200000000000015 -0.5341851912531517
0.3400000000000015 -0.7218611958822783
0.36000000000000154 -0.9068599896048313
0.38000000000000156 -1.0861088462967923
0.4000000000000016 -1.2564970272640574
0.4200000000000016 -1.414926889630753
0.4400000000000016 -1.558366881870582
0.46000000000000163 -1.6839055541947838
0.48000000000000165 -1.7888056581119511
0.5000000000000017 -1.8705573714344985
0.5200000000000017 -1.926929663649274
0.5400000000000017 -1.9560188129411127
0.5600000000000017 -1.9562931009920808
0.5800000000000017 -1.9266327453722447
0.6000000000000018 -1.8663641819285122
0.6200000000000018 -1.7752878807335142
0.6400000000000018 -1.6536989681659258
0.6600000000000018 -1.5024000334695473
0.6800000000000018 -1.3227056192259814
0.7000000000000018 -1.1164380297690004
0.7200000000000019 -0.8859142375360192
0.7400000000000019 -0.6339238222678139
0.7600000000000019 -0.36369803915173843
0.7800000000000019 -0.07887027656738431
0.8000000000000019 0.21657167100902874
0.820000000000002 0.5183409273010291
0.840000000000002 0.8219137120048841
0.860000000000002 1.122597481397367
0.880000000000002 1.415604006463855
0.900000000000002 1.6961262437334628
0.920000000000002 1.9594177523979692
0.9400000000000021 2.2008733300116385
0.9600000000000021 2.416109480230655
0.9800000000000021 2.6010432913834887
1.000000000000002 2.751968295470405
1.020000000000002 2.865625894311681
1.040000000000002 2.9392709833479067
1.060000000000002 2.970730473878717
1.080000000000002 2.9584535106246403
1.100000000000002 2.9015523022067904
1.120000000000002 2.799832625749635
1.1400000000000021 2.6538132311262093
1.1600000000000021 2.464733552733054
1.1800000000000022 2.2345493340446225
1.2000000000000022 1.965915979135738
1.2200000000000022 1.6621596621613084
1.2400000000000022 1.327236446499132
1.2600000000000022 0.965679885794017
1.2800000000000022 0.5825377953099347
1.3000000000000023 0.18329908962792052
1.3200000000000023 -0.22618822226800198
1.3400000000000023 -0.6398066150131558
1.3600000000000023 -1.0512647702395186
1.3800000000000023 -1.454197882855235
1.4000000000000024 -1.842270879565788
1.4200000000000024 -2.2092827997343494
1.4400000000000024 -2.549270540359005
1.4600000000000024 -2.8566101509322546
1.4800000000000024 -3.12611388102803
1.5000000000000024 -3.3531212337870224
1.5200000000000025 -3.5335823615585533
1.5400000000000025 -3.6641322546811117
1.5600000000000025 -3.74215431899523
1.5800000000000025 -3.7658321098322443
1.6000000000000025 -3.7341881870031792
1.6200000000000025 -3.6471092733059964
1.6400000000000026 -3.5053571344130448
1.6600000000000026 -3.310564846453919
1.6800000000000026 -3.065218374636638
1.7000000000000026 -2.772623647107596
1.7200000000000026 -2.4368595680753993
1.7400000000000027 -2.0627176681311075
1.7600000000000027 -1.6556293328748628
1.7800000000000027 -1.2215817787645529
1.8000000000000027 -0.7670241531531827
1.8200000000000027 -0.2987653197475123
1.8400000000000027 0.1761349524009207
1.8600000000000028 0.6504795518642419
1.8800000000000028 1.1170504018715248
1.9000000000000028 1.5687256550407256
1.9200000000000028 1.998595687132692
1.9400000000000028 2.400075885555358
1.9600000000000029 2.767014279321038
1.9800000000000029 3.0937921438544724
2.0000000000000027 3.3754158349300027
2.0200000000000027 3.6075982588873905
2.0400000000000027 3.7868285683278273
2.0600000000000027 3.9104288803505436
2.0800000000000027 3.9765970441868506
2.1000000000000028 3.984434732531279
2.1200000000000028 3.9339603913312557
2.140000000000003 3.826106851403847
2.160000000000003 3.662703676976751
2.180000000000003 3.4464445960259584
2.200000000000003 3.1808406200772623
2.220000000000003 2.870159712072645
2.240000000000003 2.519354095336737
2.260000000000003 2.1339765103062147
2.280000000000003 1.720086914614044
2.300000000000003 1.284151282948124
2.320000000000003 0.8329342929812619
2.340000000000003 0.37338778035408227
2.360000000000003 -0.08746309241096233
2.380000000000003 -0.5426339819989038
2.400000000000003 -0.9852938640838836
2.420000000000003 -1.4088739707339237
2.440000000000003 -1.807171328970424
2.460000000000003 -2.17444517619889
2.480000000000003 -2.505504670615351
2.500000000000003 -2.795786484348706
2.520000000000003 -3.0414210605958303
2.540000000000003 -3.2392865294965936
2.560000000000003 -3.3870495067921937
2.580000000000003 -3.483192239969658
2.600000000000003 -3.5270258140098263
2.620000000000003 -3.518689378343533
2.6400000000000032 -3.4591356035179777
2.6600000000000033 -3.3501028158286132
2.6800000000000033 -3.1940744864247472
2.7000000000000033 -2.994226964071956
2.7200000000000033 -2.7543665341290806
2.7400000000000033 -2.478857057072373
2.7600000000000033 -2.172539585254959
2.7800000000000034 -1.8406454742359601
2.8000000000000034 -1.488704593223398
2.8200000000000034 -1.1224502968125143
2.8400000000000034 -0.7477228467303052
2.8600000000000034 -0.37037296778387224
2.8800000000000034 0.0038328126883990033
2.9000000000000035 0.3693034566267729
2.9200000000000035 0.7207098445575618
2.9400000000000035 1.0530649652743447
2.9600000000000035 1.3617966279015061
2.9800000000000035 1.6428116169217166
3.0000000000000036 1.8925503854076462
3.0200000000000036 2.108031568851136
3.0400000000000036 2.2868857978785178
3.0600000000000036 2.427378488945767
3.0800000000000036 2.5284214939803613
3.1000000000000036 2.58957368910598
3.1200000000000037 2.6110307754200432
3.1400000000000037 2.593604747867933
3.1600000000000037 2.538693658417683
3.1800000000000037 2.44824245415476
3.2000000000000037 2.3246958071296886
3.2200000000000037 2.1709439687534964
3.2400000000000038 1.9902627756377804
3.260000000000004 1.7862490048677966
3.280000000000004 1.5627523240970678
3.300000000000004 1.3238051053498812
3.320000000000004 1.0735513712630034
3.340000000000004 0.816176119382416
3.360000000000004 0.555836225164902
3.380000000000004 0.2965940590095953
3.400000000000004 0.042354868796784906
3.420000000000004 -0.20319112082787907
3.440000000000004 -0.43662105543879864
3.460000000000004 -0.654825532796871
3.480000000000004 -0.8550478429427419
3.500000000000004 -1.0349159299501307
3.520000000000004 -1.1924667824055315
3.540000000000004 -1.3261631035865202
3.560000000000004 -1.4349022539019298
3.580000000000004 -1.5180175948821046
3.600000000000004 -1.5752724934962388
3.620000000000004 -1.6068473656765194
3.640000000000004 -1.6133202467516894
3.660000000000004 -1.5956414724243682
3.680000000000004 -1.555103135660075
3.700000000000004 -1.4933040514036025
3.720000000000004 -1.4121110117383202
3.740000000000004 -1.3136171486216588
3.7600000000000042 -1.200098239652072
3.7800000000000042 -1.073967794745285
3.8000000000000043 -0.9377317487082858
3.8200000000000043 -0.7939435573544499
3.8400000000000043 -0.6451604541005106
3.8600000000000043 -0.4939015712335974
3.8800000000000043 -0.3426085667187865
3.9000000000000044 -0.19360932515909754
3.9200000000000044 -0.04908522204734458
3.9400000000000044 0.08895764444524647
3.9600000000000044 0.21871293839715789
3.9800000000000044 0.33859406232878553
4.000000000000004 0.4472494895312336
4.020000000000004 0.5435734060747717
4.040000000000004 0.6267117014761954
4.060000000000003 0.696063427759696
4.080000000000003 0.7512779214294689
4.100000000000002 0.7922478505664042
4.120000000000002 0.819098508935962
4.1400000000000015 0.832173729916617
4.160000000000001 0.8320188346972395
4.180000000000001 0.8193610612195953
4.2 0.7950879426307695
4.22 0.7602241166243778
4.239999999999999 0.7159070502355896
4.259999999999999 0.6633621588283654
4.2799999999999985 0.6038777837407465
4.299999999999998 0.5387804710357069
4.319999999999998 0.46941096485383266
4.339999999999997 0.3971012938839522
4.359999999999997 0.32315328943148824
4.379999999999996 0.2488188294905297
4.399999999999996 0.1752820561568812
4.4199999999999955 0.10364376470007979
4.439999999999995 0.03490811266837131
4.459999999999995 -0.030028252480090573
4.479999999999994 -0.0903845976111618
4.499999999999994 -0.14550203743122203
4.519999999999993 -0.19484703909267428
4.539999999999993 -0.23801258076202078
4.5599999999999925 -0.2747170841876066
4.579999999999992 -0.30480127409013563
4.599999999999992 -0.32822314524518037
4.619999999999991 -0.34505124118290886
4.639999999999991 -0.35545646635657263
4.65999999999999 -0.3597026663953832
4.67999999999999 -0.35813621872807877
4.6999999999999895 -0.3511748786036734
4.719999999999989 -0.3392961235938016
4.739999999999989 -0.323025233360247
4.759999999999988 -0.30292333119960885
4.779999999999988 -0.27957560007538446
4.799999999999987 -0.2535798689977326
4.819999999999987 -0.22553574622342196
4.8399999999999865 -0.19603445435058373
4.859999999999986 -0.16564949950802535
4.879999999999986 -0.13492828301483928
4.899999999999985 -0.10438473962521173
4.919999999999985 -0.07449306226347938
4.939999999999984 -0.04568254945069187
4.959999999999984 -0.01833358884175949
4.9799999999999836 0.007225231197983502
4.999999999999983 0.03071890992556261
5.019999999999983 0.0519267684081434
5.039999999999982 0.07068219141408681
5.059999999999982 0.08687145250546628
5.079999999999981 0.10043170912348598
5.099999999999981 0.11134826334380583
5.119999999999981 0.11965119045592756
5.13999999999998 0.12541144163568677
5.15999999999998 0.12873652882138653
5.179999999999979 0.12976589959906668
5.199999999999979 0.12866610761049593
5.219999999999978 0.12562587990569052
5.239999999999978 0.12085117697877532
5.259999999999978 0.11456033417644484
5.279999999999977 0.10697936498714397
5.299999999999977 0.09833749764628938
5.319999999999976 0.08886300676809505
5.339999999999976 0.07877939157257018
5.3599999999999755 0.0683019419424538
5.379999999999975 0.05763472323155562
5.399999999999975 0.04696800064912859
5.419999999999974 0.03647611434138819
5.439999999999974 0.026315807136828653
5.459999999999973 0.016624998449601143
5.479999999999973 0.007521990154340787
5.4999999999999725 -0.0008949165581219406
5.519999999999972 -0.008547420200184997
5.539999999999972 -0.015376865626692215
5.559999999999971 -0.021343573934311067
5.579999999999971 -0.02642589416888553
5.59999999999997 -0.030619017331497217
5.61999999999997 -0.033933594193159805
5.6399999999999695 -0.03639419857923076
5.659999999999969 -0.038037677136029
5.679999999999969 -0.038911425222272214
5.699999999999968 -0.0390716265630545
5.719999999999968 -0.03858149175586938
5.739999999999967 -0.037509527721456604
5.759999999999967 -0.03592786684280761
5.7799999999999665 -0.033910680928235896
5.799999999999966 -0.0315327013608784
5.819999999999966 -0.02886786294472841
5.839999999999965 -0.025988085107823647
5.859999999999965 -0.022962200351019958
5.879999999999964 -0.01985503620243529
5.899999999999964 -0.016726653511113715
5.9199999999999635 -0.013631740737663161
5.939999999999963 -0.010619161014246906
5.959999999999963 -0.00773164618178979
5.979999999999962 -0.005005629789971696
5.999999999999962 -0.002471209178193713
